主期,周涨,PR,HR,WXAB,波型,柱排周,盈提示,WXCD,ZA周,ZB周,ZC周,周龄,周键
1997/10/31,15.91,15.91,23.86,a甲↗上1.I,4蛀.Aa龙猪.初,错.未赋值.Q1,高,金升a↗.4蛀.Aa龙猪.初,1,1,1,1,True
1997/11/7,9.8,9.8,16.67,a甲↗上2.B2,4蛀.Aa龙猪.初,升.尾连QQ.Q2,高,金升a↗.4蛀.Aa龙猪.初,2,2,2,2,True
1997/11/14,-4.46,-4.46,2.68,a甲↗上3.B3,4蛀.Aa龙猪.初,升.尾反孕Qv,,金升a↗.4蛀.Aa龙猪.初,3,3,3,3,True
1997/11/21,-8.41,-8.41,1.87,c丙↘下4.Y暂,5暂.__Df头负._破,跌.尾连vW.W2,,尿降c↘.逃4v,-1,-1,-1,4,True
1997/11/28,-2.04,-2.04,0,z丁↘忑-1.Z-2暂,5暂.__Fa震正〇._初,跌.尾连WW.W3,,尿降z↘,-2,-2,-2,5,True
1997/12/5,3.13,3.12,9.38,z丁↘忑-2.Z-3暂,5暂.__Fa震正〇._初,(跌)人.连后吞WO,,尿降z↘,-3,-3,-3,6,True
1997/12/12,-2.02,-2.02,2.02,z丁↘忑-3.Z-4,8姖.__Fa震正〇._初,(跌)人.连后吞WOv,,屎降z↘,-4,-4,-4,7,True
1997/12/19,3.09,3.09,7.22,z丁↘忑-4.Z-5,6娝.__Fa震正〇._初,升.尾吞vO,,屎降z↘,-5,-5,-5,8,True
1997/12/26,4,4,8,r己↗忐-5.I,4蛀.Df头负.储,升.尾连OQ.Q2,,银升r↗.4蛀.Df头负.储.口1v,1,1,1,9,True
1997/12/31,0,0,1.92,a甲↗上1.B2,4蛀.Dd头正芽.储,升.尾连QQ.Q3,连3,银升a↗.4蛀.Dd头正芽.储,2,2,2,10,True
1998/1/9,23.08,23.08,28.85,a甲↗上2.B3,4蛀.Aa龙猪.初,升.尾连QQ.Q4,宽高连4,金升a↗.4蛀.Aa龙猪.初,3,3,3,11,True
1998/1/16,-10.16,-10.16,1.56,a甲↗上3.A4,0橅.Aa龙猪.初,升.尾反孕Qv,宽,金升a↗.0橅.Aa龙猪.初,4,4,4,12,True
1998/1/23,-0.87,-0.87,6.09,a甲↗上4.A5,2栅.Bc龙管栅.初,跌.尾连vW.W2,,金升a↗.2栅.Bc龙管栅.初,5,5,5,13,True
1998/2/13,-2.63,-2.63,3.51,a甲↗上5.A6,3桮.Fa震正〇.初,跌.尾连WW.W3,,金升a↗.3桮.Fa震正〇.初,6,6,6,14,True
1998/2/20,-2.7,-2.7,3.6,b乙→中6.Y,5蛀.Fe震正根.主,跌.尾连WW.W4,,金升b→.5蛀.Fe震正根.主,-1,7,7,15,True
1998/2/27,-6.48,-6.48,0,c丙↘下7.Z-2,5蛀.__Df头负._破,跌.尾连WW.W5,,尿降c↘.逃4v,-2,-1,-1,16,True
1998/3/6,-5.94,-5.94,-1.98,z丁↘忑-1.Z-3,5蛀.__Aa龙猪._破,跌.尾连WW.W6,,尿降z↘,-3,-2,-2,17,True
1998/3/13,8.42,8.42,10.53,z丁↘忑-2.Z-4,8姖.__Aa龙猪._初,(跌)人.连后吞WO,,尿降z↘,-4,-3,-3,18,True
1998/3/20,0.97,0.97,3.88,z丁↘忑-3.Z-5,7姗.__Bd龙管杂._初,升.尾连OQ.Q2,,尿降z↘,-5,-4,-4,19,True
1998/3/27,15.38,15.38,16.35,a甲↗上1.I,4蛀.Dd头正芽.再D,升.尾连QQ.Q3,高连3,金升a↗.4蛀.Dd头正芽.再D,1,1,1,20,True
1998/4/3,15,15,19.17,a甲↗上2.B2,4蛀.Aa龙猪.再D,升.尾连QQ.Q4,宽高连4,金升a↗.4蛀.Aa龙猪.再D,2,2,2,21,True
1998/4/10,5.07,5.07,7.97,a甲↗上3.B3,4蛀.Aa龙猪.再D,升.尾连QQ.Q5,连5,金升a↗.4蛀.Aa龙猪.再D,3,3,3,22,True
1998/4/17,8.28,8.28,11.03,a甲↗上4.A4,0橅.Aa龙猪.再D,升.尾连QQ.Q6,宽连6,金升a↗.0橅.Aa龙猪.再D,4,4,4,23,True
1998/4/24,-0.64,-0.64,6.37,a甲↗上5.A5,0橅.Aa龙猪.主,升.尾反孕Qv,,金升a↗.0橅.Aa龙猪.主,5,5,5,24,True
1998/4/30,5.77,5.77,10.26,a甲↗上6.A6,0橅.Aa龙猪.主,升.尾吞vO,,金升a↗.0橅.Aa龙猪.主,6,6,6,25,True
1998/5/8,9.09,9.09,12.73,a甲↗上7.A7,0橅.Aa龙猪.主,升.尾连OQ.Q2,,金升a↗.0橅.Aa龙猪.主,7,7,7,26,True
1998/5/15,6.67,6.67,19.44,a甲↗上8.A8,0橅.Aa龙猪.主,升.尾连QQ.Q3,宽高连3,金升a↗.0橅.Aa龙猪.主,8,8,8,27,True
1998/5/22,0.52,0.52,2.6,a甲↗上9.A9,0橅.Aa龙猪.主,升.尾连QQ.Q4,宽连4,金升a↗.0橅.Aa龙猪.主,9,9,9,28,True
1998/5/29,-4.15,-4.15,3.11,a甲↗上10.A10,1柜.Aa龙猪.主,(升)人.连后吞QV,,金升a↗.1柜.Aa龙猪.主,10,10,10,29,True
1998/6/5,-0.54,-0.54,1.62,a甲↗上11.A11,2栅.Fa震正〇.主,跌.尾连VW.W2,,金升a↗.2栅.Fa震正〇.主,11,11,11,30,True
1998/6/12,5.98,5.98,9.78,a甲↗上12.A12,2栅.Fa震正〇.主,(跌)人.连后吞WO,,金升a↗.2栅.Fa震正〇.主,12,12,12,31,True
1998/6/19,-2.05,-2.05,0,a甲↗上13.A13,2栅.Fa震正〇.主,(跌)人.连后吞WOv,,金升a↗.2栅.Fa震正〇.主,13,13,13,32,True
1998/6/26,-0.52,-0.52,5.24,a甲↗上14.A14,3桮.Fa震正〇.主,跌.尾连vW.W2,,金升a↗.3桮.Fa震正〇.主,14,14,14,33,True
1998/7/3,-5.79,-5.79,0.53,b乙→中15.Y,5蛀.Fe震正根.主,跌.尾连WW.W3,,金升b→.5蛀.Fe震正根.主,-1,15,15,34,True
1998/7/10,-2.79,-2.79,0,b乙→中16.Z-2,5蛀.Fe震正根.主,跌.尾连WW.W4,,金升b→.5蛀.Fe震正根.主,-2,16,16,35,True
1998/7/17,-12.07,-12.07,0.57,c丙↘下17.Z-3,5蛀.Fe震正根.破,跌.尾连WW.W5,,金升c↘.被3v,-3,-1,17,36,True
1998/7/24,3.27,3.27,4.58,z丁↘忑-1.Z-4,9妩.Ff震负.破,跌.尾反孕Wo,,金升z↘.警3w,-4,-2,18,37,True
1998/7/31,-2.53,-2.53,0.63,z丁↘忑-2.Z-5,9妩.Ff震负.破,(跌)人.孕孕ov,,金升z↘.警3w,-5,-3,19,38,True
1998/8/7,4.55,4.55,10.39,z丁↘忑-3.Z-6,8姖.Ff震负.破,升.尾吞vO,,金升z↘.警3w,-6,-4,20,39,True
1998/8/14,8.07,8.07,18.63,r己↗忐-4.I,4蛀.Df头负.再C,升.尾连OQ.Q2,高,金升r↗.4蛀.Df头负.再C.口2I,1,1,21,40,True
1998/8/21,6.9,6.9,8.62,a甲↗上1.B2,4蛀.Dd头正芽.再C,升.尾连QQ.Q3,连3,金升a↗.4蛀.Dd头正芽.再C,2,2,22,41,True
1998/8/28,-6.45,-6.45,2.15,a甲↗上2.B3,4蛀.Dd头正芽.再C,升.尾反孕Qv,,金升a↗.4蛀.Dd头正芽.再C,3,3,23,42,True
1998/9/4,2.3,2.3,4.02,a甲↗上3.A4,0橅.Dd头正芽.再C,(升)人.孕孕vo,,金升a↗.0橅.Dd头正芽.再C,4,4,24,43,True
1998/9/11,3.37,3.37,7.3,a甲↗上4.A5,0橅.Aa龙猪.再C,升.尾连oQ.Q2,,金升a↗.0橅.Aa龙猪.再C,5,5,25,44,True
1998/9/18,-1.63,-1.63,5.98,a甲↗上5.A6,0橅.Aa龙猪.主,升.尾反孕Qv,,金升a↗.0橅.Aa龙猪.主,6,6,26,45,True
1998/9/25,-2.76,-2.76,1.66,b乙→中6.Y,5蛀.Be龙管根.主,跌.尾连vW.W2,,金升b→.5蛀.Be龙管根.主,-1,7,27,46,True
1998/9/30,1.14,1.14,1.7,b乙→中7.Z-2,5蛀.Be龙管根.主,(跌)人.连后吞WO,,金升b→.5蛀.Be龙管根.主,-2,8,28,47,True
1998/10/9,-5.06,-5.06,0,c丙↘下8.Z-3,5蛀.Fe震正根.破,(人)人.吞吞* OV,,金升c↘.被3v,-3,-1,29,48,True
1998/10/16,0,0,3.55,z丁↘忑-1.Z-4,8姖.Ff震负.破,(人)人.吞吞* OV,,金升z↘.警3w,-4,-2,30,49,True
1998/10/23,-4.73,-4.73,2.96,z丁↘忑-2.Z-5,8姖.__Aa龙猪._破,跌.尾吞oV,,嘘待z↘,-5,-3,-1,50,True
1998/10/30,-1.24,-1.24,0.62,z丁↘忑-3.Z-6,9妩.__Aa龙猪._破,跌.尾连VW.W2,,嘘待z↘,-6,-4,-2,51,True
1998/11/6,6.29,6.29,8.81,z丁↘忑-4.Z-7,8姖.Ff震负.破,(跌)人.连后吞WO,,金升z↘.警3w,-7,-5,1,52,True
1998/11/13,-4.14,-4.14,1.18,z丁↘忑-5.Z-8,8姖.__Aa龙猪._初,(跌)人.连后吞WOv,,嘘待z↘,-8,-6,-1,53,True
1998/11/20,0,0,4.94,z丁↘忑-6.Z-9,8姖.__Fa震正〇._初,(人)人.孕孕vo,,嘘待z↘,-9,-7,-2,54,True
1998/11/27,-1.85,-1.85,1.23,z丁↘忑-7.Z-10,8姖.__Fa震正〇._初,跌.尾吞oV,,嘘待z↘,-10,-8,-3,55,True
1998/12/4,-2.52,-2.52,0.63,z丁↘忑-8.Z-11,9妩.__Fa震正〇._初,跌.尾连VW.W2,,嘘待z↘,-11,-9,-4,56,True
1998/12/11,-0.65,-0.65,1.94,z丁↘忑-9.Z-12,9妩.__Aa龙猪._初,跌.尾连WW.W3,,嘘待z↘,-12,-10,-5,57,True
1998/12/18,-7.14,-7.14,0,z丁↘忑-10.Z-13,9妩.__Aa龙猪._初,跌.尾连WW.W4,,尿降z↘,-13,-11,-6,58,True
1998/12/25,2.8,2.8,6.29,z丁↘忑-11.Z-14,9妩.__Aa龙猪._初,跌.尾反孕Wo,,尿降z↘,-14,-12,-7,59,True
1998/12/31,-2.04,-2.04,0.68,z丁↘忑-12.Z-15,9妩.__Aa龙猪._初,(跌)人.孕孕ov,,尿降z↘,-15,-13,-8,60,True
1999/1/8,0.69,0.69,1.39,z丁↘忑-13.Z-16,9妩.__Aa龙猪._主,(人)人.孕孕vo,,尿降z↘,-16,-14,-9,61,True
1999/1/15,0.69,0.69,4.14,z丁↘忑-14.Z-17,7姗.__Bd龙管杂._主,升.尾连oQ.Q2,,尿降z↘,-17,-15,-10,62,True
1999/1/22,0.68,0.68,6.16,z丁↘忑-15.Z-18,6娝.__Bc龙管栅._主,升.尾连QQ.Q3,,尿降z↘,-18,-16,-11,63,True
1999/1/29,-4.76,-4.76,0,z丁↘忑-16.Z-19,6娝.__Fa震正〇._主,(升)人.连后吞QV,,尿降z↘,-19,-17,-12,64,True
1999/2/5,-1.43,-1.43,3.57,z丁↘忑-17.Z-20,6娝.__Fa震正〇._主,跌.尾连VW.W2,,尿降z↘,-20,-18,-13,65,True
1999/2/9,2.17,2.17,2.9,z丁↘忑-18.Z-21,7姗.__Fa震正〇._主,(跌)人.连后吞WO,,尿降z↘,-21,-19,-14,66,True
1999/3/5,-1.42,-1.42,1.42,z丁↘忑-19.Z-22,8姖.__Fa震正〇._主,(跌)人.连后吞WOv,,尿降z↘,-22,-20,-15,67,True
1999/3/12,2.16,2.16,5.04,z丁↘忑-20.Z-23,6娝.__Fa震正〇._主,升.尾吞vO,,尿降z↘,-23,-21,-16,68,True
1999/3/19,1.41,1.41,4.23,y戊↘忠-21.I,4蛀.__Fe震正根._主,升.尾连OQ.Q2,,尿降y↘,1,-22,-17,69,True
1999/3/26,-4.17,-4.17,2.78,y戊↘忑-22.Y暂,5暂.__Fa震正〇._主,(升)人.连后吞QV,,尿降y↘,-1,-23,-18,70,True
1999/4/2,-13.04,-13.04,-1.45,y戊↘忑-23.Z-2暂,5暂.__Aa龙猪._主,跌.尾连VW.W2,,尿降y↘,-2,-24,-19,71,True
1999/4/9,-2.5,-2.5,3.33,y戊↘忑-24.Z-3暂,5暂.__Aa龙猪._主,跌.尾连WW.W3,,尿降y↘,-3,-25,-20,72,True
1999/4/16,-9.4,-9.4,-0.85,y戊↘忑-25.Z-4,9妩.__Aa龙猪._主,跌.尾连WW.W4,,屎降y↘,-4,-26,-21,73,True
1999/4/23,1.89,1.89,3.77,y戊↘忑-26.Z-5,9妩.__Aa龙猪._主,跌.尾反孕Wo,,屎降y↘,-5,-27,-22,74,True
1999/4/30,2.78,2.78,7.41,y戊↘忑-27.Z-6,7姗.__Bd龙管杂._主,升.尾连oQ.Q2,,屎降y↘,-6,-28,-23,75,True
1999/5/7,1.8,1.8,5.41,y戊↘忑-28.Z-7,6娝.__Bc龙管栅._主,升.尾连QQ.Q3,,屎降y↘,-7,-29,-24,76,True
1999/5/14,-1.77,-1.77,6.19,y戊↘忑-29.Z-8,6娝.__Bc龙管栅._主,(升)人.连后吞QV,,屎降y↘,-8,-30,-25,77,True
1999/5/21,31.53,31.53,33.33,r己↗忐-30.I,4蛀.__Fe震正根.储,(人)人.吞吞* VO,,屎降r↗.4蛀.__Fe震正根.储.魅6v,1,1,-26,78,True
1999/5/28,17.12,17.12,21.23,a甲↗上1.B2,4蛀.Aa龙猪.储,升.尾连OQ.Q2,宽高,银升a↗.4蛀.Aa龙猪.储,2,2,1,79,True
1999/6/4,2.34,2.34,6.43,a甲↗上2.B3,4蛀.Aa龙猪.初,升.尾连QQ.Q3,宽连3,银升a↗.4蛀.Aa龙猪.初,3,3,2,80,True
1999/6/11,-4,-4,10.29,a甲↗上3.A4,1柜.Aa龙猪.初,(升)人.连后吞QV,宽,银升a↗.1柜.Aa龙猪.初,4,4,3,81,True
1999/6/18,4.76,4.76,11.9,a甲↗上4.A5,1柜.Aa龙猪.初,(升)人.连后吞QVo,,金升a↗.1柜.Aa龙猪.初,5,5,4,82,True
1999/6/25,31.25,31.25,35.23,a甲↗上5.A6,1柜.Aa龙猪.初,升.尾连oQ.Q2,宽高,金升a↗.1柜.Aa龙猪.初,6,6,5,83,True
1999/7/2,-7.79,-7.79,21.21,a甲↗上6.A7,1柜.Aa龙猪.初,升.尾反孕Qv,宽高,金升a↗.1柜.Aa龙猪.初,7,7,6,84,True
1999/7/9,-5.63,-5.63,-1.88,a甲↗上7.A8,2栅.Bc龙管栅.初,跌.尾连vW.W2,宽,金升a↗.2栅.Bc龙管栅.初,8,8,7,85,True
1999/7/16,-9.95,-9.95,0.5,b乙→中8.Y,5蛀.Be龙管根.主,跌.尾连WW.W3,宽,金升b→.5蛀.Be龙管根.主,-1,9,8,86,True
1999/7/23,31.49,31.49,34.81,b乙↗上9.I暂,4暂.Fd震正芽.主,(跌)人.连后吞WO,宽高,金升b↗.4暂.Fd震正芽.主,1,10,9,87,True
1999/7/30,2.94,2.94,12.18,b乙↗上10.B2暂,4暂.Fd震正芽.主,升.尾连OQ.Q2,宽,金升b↗.4暂.Fd震正芽.主,2,11,10,88,True
1999/8/6,7.76,7.76,9.39,b乙↗上11.B3暂,4暂.Fd震正芽.主,升.尾连QQ.Q3,连3,金升b↗.4暂.Fd震正芽.主,3,12,11,89,True
1999/8/13,-9.47,-9.47,1.52,b乙↗上12.A4,1柜.Fd震正芽.主,(升)人.连后吞QV,,金升b↗.1柜.Fd震正芽.主,4,13,12,90,True
1999/8/20,5.86,5.86,8.79,b乙↗上13.A5,1柜.Fd震正芽.主,(升)人.连后吞QVo,,金升b↗.1柜.Fd震正芽.主,5,14,13,91,True
1999/8/27,-2.37,-2.37,2.77,b乙↗上14.A6,1柜.Fd震正芽.主,(人)人.孕孕vo,,金升b↗.1柜.Fd震正芽.主,6,15,14,92,True
1999/9/3,-3.24,-3.24,2.02,b乙↗上15.A7,2栅.Fd震正芽.主,跌.尾连vW.W2,,金升b↗.2栅.Fd震正芽.主,7,16,15,93,True
1999/9/10,5.86,5.86,10.46,b乙↗上16.A8,2栅.Fd震正芽.主,(跌)人.连后吞WO,,金升b↗.2栅.Fd震正芽.主,8,17,16,94,True
1999/9/17,-4.35,-4.35,0.79,b乙↗上17.A9,2栅.Fd震正芽.主,(跌)人.连后吞WOv,,金升b↗.2栅.Fd震正芽.主,9,18,17,95,True
1999/9/24,1.65,1.65,4.13,b乙↗上18.A10,2栅.Fd震正芽.主,(人)人.孕孕vo,,金升b↗.2栅.Fd震正芽.主,10,19,18,96,True
1999/9/30,-4.47,-4.47,1.22,b乙→中19.Y,5蛀.Fe震正根.主,跌.尾吞oV,,金升b→.5蛀.Fe震正根.主,-1,20,19,97,True
1999/10/8,-1.7,-1.7,-0.85,b乙→中20.Z-2,5蛀.Fe震正根.主,跌.尾连VW.W2,,金升b→.5蛀.Fe震正根.主,-2,21,20,98,True
1999/10/15,-1.73,-1.73,2.6,c丙↘下21.Z-3,5蛀.Fe震正根.破,跌.尾连WW.W3,,金升c↘.被3v,-3,-1,21,99,True
1999/10/22,-4.85,-4.85,0.88,c丙↘下22.Z-4,9妩.Fe震正根.破,跌.尾连WW.W4,,金升c↘.被3v,-4,-2,22,100,True
1999/10/29,-1.39,-1.39,3.7,z丁↘忑-1.Z-5,9妩.Ff震负.破,跌.尾连WW.W5,,金升z↘.警3w,-5,-3,23,101,True
1999/11/5,-4.69,-4.69,2.82,z丁↘忑-2.Z-6,9妩.__Aa龙猪._破,跌.尾连WW.W6,,嘘待z↘,-6,-4,-1,102,True
1999/11/12,-3.94,-3.94,2.46,z丁↘忑-3.Z-7,9妩.__Aa龙猪._破,跌.尾连WW.W7,,嘘待z↘,-7,-5,-2,103,True
1999/11/19,-3.08,-3.08,2.56,z丁↘忑-4.Z-8,9妩.__Aa龙猪._初,跌.尾连WW.W8,,嘘待z↘,-8,-6,-3,104,True
1999/11/26,-2.12,-2.12,1.06,z丁↘忑-5.Z-9,9妩.__Aa龙猪._初,跌.尾连WW.W9,,嘘待z↘,-9,-7,-4,105,True
1999/12/3,-3.24,-3.24,0.54,z丁↘忑-6.Z-10,9妩.__Aa龙猪._初,跌.尾连WW.W10,,尿降z↘,-10,-8,-5,106,True
1999/12/10,9.5,9.5,9.5,z丁↘忑-7.Z-11,8姖.__Aa龙猪._初,(跌)人.连后吞WO,,嘘待z↘,-11,-9,-6,107,True
1999/12/17,0.51,0.51,9.18,y戊↘忠-8.I,4蛀.__Be龙管根._初,升.尾连OQ.Q2,,嘘待y↘,1,-10,-7,108,True
1999/12/24,-1.02,-1.02,3.55,y戊↘忠-9.B2,4蛀.__Be龙管根._初,(升)人.连后吞QV,,嘘待y↘,2,-11,-8,109,True
1999/12/30,4.62,4.62,6.67,y戊↘忠-10.B3,4蛀.__Fe震正根._初,(人)人.吞吞* VO,,嘘待y↘,3,-12,-9,110,True
2000/1/7,31.37,31.37,31.37,a甲↗上1.A4,1柜.Aa龙猪.初,升.尾连OQ.Q2,宽高,金升a↗.1柜.Aa龙猪.初,4,1,1,111,True
2000/1/14,-7.46,-7.46,8.21,a甲↗上2.A5,1柜.Aa龙猪.初,升.尾反孕Qv,宽,金升a↗.1柜.Aa龙猪.初,5,2,2,112,True
2000/1/21,14.52,14.52,14.92,a甲↗上3.A6,0橅.Aa龙猪.初,升.尾吞vO,,金升a↗.0橅.Aa龙猪.初,6,3,3,113,True
2000/1/28,15.49,15.49,19.37,a甲↗上4.A7,0橅.Aa龙猪.初,升.尾连OQ.Q2,宽高,金升a↗.0橅.Aa龙猪.初,7,4,4,114,True
2000/2/18,17.38,17.38,37.2,a甲↗上5.A8,0橅.Aa龙猪.主,升.尾连QQ.Q3,宽高连3,金升a↗.0橅.Aa龙猪.主,8,5,5,115,True
2000/2/25,-13.51,-13.51,-2.08,a甲↗上6.A9,1柜.Aa龙猪.主,(升)人.连后吞QV,宽,金升a↗.1柜.Aa龙猪.主,9,6,6,116,True
2000/3/3,15.92,15.92,33.63,a甲↗上7.A10,1柜.Aa龙猪.主,(人)人.吞吞* VO,宽高,金升a↗.1柜.Aa龙猪.主,10,7,7,117,True
2000/3/10,19.17,19.17,21.76,a甲↗上8.A11,1柜.Aa龙猪.主,升.尾连OQ.Q2,宽高,金升a↗.1柜.Aa龙猪.主,11,8,8,118,True
2000/3/17,-1.96,-1.96,1.74,a甲↗上9.A12,1柜.Aa龙猪.主,升.尾反孕Qv,,金升a↗.1柜.Aa龙猪.主,12,9,9,119,True
2000/3/24,-0.44,-0.44,9.31,a甲↗上10.A13,2栅.Bc龙管栅.主,跌.尾连vW.W2,,金升a↗.2栅.Bc龙管栅.主,13,10,10,120,True
2000/3/31,-1.78,-1.78,2.45,a甲↗上11.A14,3桮.Bb龙管杂.主,跌.尾连WW.W3,,金升a↗.3桮.Bb龙管杂.主,14,11,11,121,True
2000/4/7,-5.22,-5.22,9.98,a甲↗上12.A15,3桮.Bb龙管杂.主,跌.尾连WW.W4,,金升a↗.3桮.Bb龙管杂.主,15,12,12,122,True
2000/4/14,-5.26,-5.26,-1.2,b乙→中13.Y,5蛀.Fe震正根.主,跌.尾连WW.W5,,金升b→.5蛀.Fe震正根.主,-1,13,13,123,True
2000/4/21,-2.53,-2.53,1.52,b乙→中14.Z-2,5蛀.Fe震正根.主,跌.尾连WW.W6,,金升b→.5蛀.Fe震正根.主,-2,14,14,124,True
2000/4/28,2.33,2.33,2.59,b乙→中15.Z-3,5蛀.Fe震正根.主,跌.尾反孕Wo,,金升b→.5蛀.Fe震正根.主,-3,15,15,125,True
2000/5/12,-9.87,-9.87,1.01,c丙↘下16.Z-4,9妩.Fe震正根.破,跌.尾吞oV,宽,金升c↘.被3v,-4,-1,16,126,True
2000/5/19,2.25,2.25,4.78,c丙↘下17.Z-5,9妩.Fe震正根.破,跌.尾反孕oVo,,金升c↘.被3v,-5,-2,17,127,True
2000/5/26,7.42,7.42,12.09,b乙→中18.Z-6,7姗.De头正根.再B,升.尾连oQ.Q2,,金升b→.7姗.De头正根.再B,-6,1,18,128,True
2000/6/2,0,0,7.16,b乙↗上19.I,4蛀.Dd头正芽.再B,升.尾连QQ.Q3,连3,金升b↗.4蛀.Dd头正芽.再B,1,2,19,129,True
2000/6/9,-2.3,-2.3,4.35,b乙→中20.Y暂,5暂.De头正根.再B,(升)人.连后吞QV,,金升b→.5暂.De头正根.再B,-1,3,20,130,True
2000/6/16,-4.45,-4.45,-0.26,c丙↘下21.Z-2暂,5暂.Fe震正根.破,跌.尾连VW.W2,,金升c↘.被3v,-2,-1,21,131,True
2000/6/23,3.01,3.01,4.66,c丙↘下22.Z-3暂,5暂.Fe震正根.破,跌.尾反孕Wo,,金升c↘.警3w,-3,-2,22,132,True
2000/6/30,-2.66,-2.66,3.19,z丁↘忑-1.Z-4,9妩.Ff震负.破,(跌)人.孕孕ov,,金升z↘.警3w,-4,-3,23,133,True
2000/7/7,-3.28,-3.28,-0.82,z丁↘忑-2.Z-5,9妩.Ff震负.破,跌.尾连vW.W2,,金升z↘.警3w,-5,-4,24,134,True
2000/7/14,9.32,9.32,12.15,r己↗忐-3.I,4蛀.Df头负.再C,(跌)人.连后吞WO,,金升r↗.4蛀.Df头负.再C.口2I,1,1,25,135,True
2000/7/21,-0.78,-0.78,3.1,r己↗忐-4.B2,4蛀.Df头负.再C,(跌)人.连后吞WOv,,金升r↗.4蛀.Df头负.再C.口2I,2,2,26,136,True
2000/7/28,-0.26,-0.26,1.82,a甲↗上1.B3,4蛀.Dd头正芽.再C,跌.尾连vW.W2,,金升a↗.4蛀.Dd头正芽.再C,3,3,27,137,True
2000/8/4,11.23,11.23,14.88,a甲↗上2.A4,2栅.Bc龙管栅.再C,(跌)人.连后吞WO,,金升a↗.2栅.Bc龙管栅.再C,4,4,28,138,True
2000/8/11,1.17,1.17,5.87,a甲↗上3.A5,2栅.Bc龙管栅.再C,升.尾连OQ.Q2,,金升a↗.2栅.Bc龙管栅.再C,5,5,29,139,True
2000/8/18,-2.78,-2.78,0.7,a甲↗上4.A6,2栅.Bc龙管栅.再C,(升)人.连后吞QV,,金升a↗.2栅.Bc龙管栅.再C,6,6,30,140,True
2000/8/25,-3.82,-3.82,-0.24,a甲↗上5.A7,2栅.Bc龙管栅.主,跌.尾连VW.W2,,金升a↗.2栅.Bc龙管栅.主,7,7,31,141,True
2000/9/1,-7.2,-7.2,0.74,c丙↘下6.Y,5蛀.Fe震正根.破,跌.尾连WW.W3,,金升c↘.被3v,-1,-1,32,142,True
2000/9/8,-1.07,-1.07,1.6,c丙↘下7.Z-2,5蛀.Fe震正根.破,跌.尾连WW.W4,,金升c↘.被3v,-2,-2,33,143,True
2000/9/15,-1.08,-1.08,1.89,z丁↘忑-1.Z-3,5蛀.__Fa震正〇._破,跌.尾连WW.W5,,嘘待z↘,-3,-3,-1,144,True
2000/9/22,-5.74,-5.74,5.19,z丁↘忑-2.Z-4,9妩.__Aa龙猪._破,跌.尾连WW.W6,,嘘待z↘,-4,-4,-2,145,True
2000/9/29,2.03,2.03,4.06,z丁↘忑-3.Z-5,9妩.__Aa龙猪._初,跌.尾反孕Wo,,嘘待z↘,-5,-5,-3,146,True
2000/10/13,-5.11,-5.11,1.7,z丁↘忑-4.Z-6,9妩.__Aa龙猪._初,跌.尾吞oV,,嘘待z↘,-6,-6,-4,147,True
2000/10/20,6.59,6.59,6.59,z丁↘忑-5.Z-7,9妩.__Aa龙猪._初,跌.尾反孕oVo,,嘘待z↘,-7,-7,-5,148,True
2000/10/27,-3.65,-3.65,0,z丁↘忑-6.Z-8,9妩.__Aa龙猪._初,(跌)人.孕孕ov,,嘘待z↘,-8,-8,-6,149,True
2000/11/3,1.17,1.17,2.62,z丁↘忑-7.Z-9,9妩.__Aa龙猪._初,(人)人.孕孕vo,,嘘待z↘,-9,-9,-7,150,True
2000/11/10,13.83,13.83,14.99,r己↗忐-8.I,4蛀.Df头负.再D,升.尾连oQ.Q2,,金升r↗.4蛀.Df头负.再D.口2i,1,1,1,151,True
2000/11/17,-3.04,-3.04,2.28,r己↗忐-9.B2,4蛀.Df头负.再D,升.尾反孕Qv,,金升r↗.4蛀.Df头负.再D.口2I,2,2,2,152,True
2000/11/24,-2.61,-2.61,4.7,a甲↗上1.B3,4蛀.Aa龙猪.初,跌.尾连vW.W2,,金升a↗.4蛀.Aa龙猪.初,3,3,3,153,True
2000/12/1,-0.8,-0.8,1.34,a甲↗上2.A4,3桮.Bb龙管杂.初,跌.尾连WW.W3,,金升a↗.3桮.Bb龙管杂.初,4,4,4,154,True
2000/12/8,-3.78,-3.78,0,z丁↘忑-1.Y,5蛀.__Fa震正〇._破,跌.尾连WW.W4,,嘘待z↘,-1,-1,-1,155,True
2000/12/15,-0.28,-0.28,1.4,z丁↘忑-2.Z-2,5蛀.__Fa震正〇._初,跌.尾连WW.W5,,嘘待z↘,-2,-2,-2,156,True
2000/12/22,2.25,2.25,6.2,z丁↘忑-3.Z-3,5蛀.__Fa震正〇._初,(跌)人.连后吞WO,,嘘待z↘,-3,-3,-3,157,True
2000/12/29,-2.2,-2.2,0,z丁↘忑-4.Z-4,8姖.__Fa震正〇._初,(人)人.吞吞* OV,,嘘待z↘,-4,-4,-4,158,True
2001/1/5,3.1,3.1,7.04,y戊↘忠-5.I,4蛀.__Fe震正根._初,(人)人.吞吞* VO,,嘘待y↘,1,-5,-5,159,True
2001/1/12,-3.83,-3.83,0.27,y戊↘忑-6.Y暂,5暂.__Fa震正〇._初,(人)人.吞吞* OV,,嘘待y↘,-1,-6,-6,160,True
2001/1/19,-3.41,-3.41,-0.28,y戊↘忑-7.Z-2暂,5暂.__Aa龙猪._主,跌.尾连VW.W2,,嘘待y↘,-2,-7,-7,161,True
2001/2/9,-14.41,-14.41,0.59,y戊↘忑-8.Z-3暂,5暂.__Aa龙猪._主,跌.尾连WW.W3,,尿降y↘,-3,-8,-8,162,True
2001/2/16,-1.37,-1.37,0.34,y戊↘忑-9.Z-4,9妩.__Aa龙猪._主,跌.尾连WW.W4,,尿降y↘,-4,-9,-9,163,True
2001/2/23,2.79,2.79,4.88,y戊↘忑-10.Z-5,8姖.__Aa龙猪._主,(跌)人.连后吞WO,,尿降y↘,-5,-10,-10,164,True
2001/3/2,-1.02,-1.02,3.05,y戊↘忑-11.Z-6,8姖.__Aa龙猪._主,(跌)人.连后吞WOv,,尿降y↘,-6,-11,-11,165,True
2001/3/9,6.16,6.16,7.19,y戊↘忑-12.Z-7,6娝.__Fa震正〇._主,升.尾吞vO,,尿降y↘,-7,-12,-12,166,True
2001/3/16,-3.55,-3.55,0.97,y戊↘忑-13.Z-8,6娝.__Fa震正〇._主,升.尾反孕vOv,,尿降y↘,-8,-13,-13,167,True
2001/3/23,4.35,4.35,7.36,y戊↘忠-14.I,4蛀.__Fe震正根._主,升.尾吞vO,,尿降y↘,1,-14,-14,168,True
2001/3/30,4.81,4.81,7.05,r己↗忐-15.B2,4蛀.__Fe震正根.储,升.尾连OQ.Q2,,尿降r↗.4蛀.__Fe震正根.储.魅6v,2,1,-15,169,True
2001/4/6,-1.53,-1.53,1.22,r己↗忐-16.B3,4蛀.__Fe震正根.储,升.尾反孕Qv,,尿降r↗.4蛀.__Fe震正根.储.魅6v,3,2,-16,170,True
2001/4/13,8.7,8.7,11.49,r己↗忐-17.A4,0橅.Df头负.储,升.尾吞vO,,金升r↗.0橅.Df头负.储.口1v,4,3,1,171,True
2001/4/20,-4.57,-4.57,2.57,a甲↗上1.A5,0橅.Aa龙猪.储,升.尾反孕vOv,,金升a↗.0橅.Aa龙猪.储,5,4,2,172,True
2001/4/27,-2.69,-2.69,0.9,a甲↗上2.A6,2栅.__Ff震负.储,跌.尾连vW.W2,,尿降a↗.2栅.__Ff震负.储.魅6w,6,5,-1,173,True
2001/4/30,-1.23,-1.23,0.92,c丙↘下3.Y,5蛀.__Df头负._再C,跌.尾连WW.W3,,尿降c↘.逃5I,-1,-1,-2,174,True
2001/5/11,-1.25,-1.25,2.18,z丁↘忑-1.Z-2,5蛀.__Fa震正〇._再C,跌.尾连WW.W4,,尿降z↘,-2,-2,-3,175,True
2001/5/18,2.52,2.52,6.62,z丁↘忑-2.Z-3,5蛀.__Fa震正〇._再C,(跌)人.连后吞WO,,尿降z↘,-3,-3,-4,176,True
2001/5/25,-3.08,-3.08,0,z丁↘忑-3.Z-4,8姖.__Fa震正〇._再C,(人)人.吞吞* OV,,尿降z↘,-4,-4,-5,177,True
2001/6/1,-0.95,-0.95,1.9,z丁↘忑-4.Z-5,8姖.__Aa龙猪._再C,跌.尾连VW.W2,,尿降z↘,-5,-5,-6,178,True
2001/6/8,-1.28,-1.28,1.92,z丁↘忑-5.Z-6,8姖.__Aa龙猪._主,跌.尾连WW.W3,,尿降z↘,-6,-6,-7,179,True
2001/6/15,1.3,1.3,2.92,z丁↘忑-6.Z-7,8姖.__Aa龙猪._主,(跌)人.连后吞WO,,尿降z↘,-7,-7,-8,180,True
2001/6/22,0.64,0.64,1.28,z丁↘忑-7.Z-8,7姗.__Fa震正〇._主,升.尾连OQ.Q2,,屎降z↘,-8,-8,-9,181,True
2001/6/29,-2.55,-2.55,0.64,z丁↘忑-8.Z-9,7姗.__Fa震正〇._主,(升)人.连后吞QV,,屎降z↘,-9,-9,-10,182,True
2001/7/6,-1.63,-1.63,0.33,z丁↘忑-9.Z-10,7姗.__Fa震正〇._主,跌.尾连VW.W2,,屎降z↘,-10,-10,-11,183,True
2001/7/13,2.66,2.66,6.31,z丁↘忑-10.Z-11,7姗.__Fa震正〇._主,(跌)人.连后吞WO,,屎降z↘,-11,-11,-12,184,True
2001/7/20,0.32,0.32,2.91,y戊↘忠-11.I,4蛀.__Fe震正根._主,升.尾连OQ.Q2,,屎降y↘,1,-12,-13,185,True
2001/7/27,-8.71,-8.71,0.65,y戊↘忑-12.Y暂,5暂.__Aa龙猪._主,(升)人.连后吞QV,,屎降y↘,-1,-13,-14,186,True
2001/8/3,-7.77,-7.77,-0.35,y戊↘忑-13.Z-2暂,5暂.__Aa龙猪._主,跌.尾连VW.W2,,屎降y↘,-2,-14,-15,187,True
2001/8/10,3.83,3.83,4.6,y戊↘忑-14.Z-3暂,5暂.__Aa龙猪._主,跌.尾反孕Wo,,屎降y↘,-3,-15,-16,188,True
2001/8/17,-3.69,-3.69,2.21,y戊↘忑-15.Z-4,9妩.__Aa龙猪._主,(跌)人.孕孕ov,,屎降y↘,-4,-16,-17,189,True
2001/8/24,-4.21,-4.21,1.53,y戊↘忑-16.Z-5,9妩.__Aa龙猪._主,跌.尾连vW.W2,,屎降y↘,-5,-17,-18,190,True
2001/8/31,0.8,0.8,3.2,y戊↘忑-17.Z-6,9妩.__Aa龙猪._主,跌.尾反孕Wo,,屎降y↘,-6,-18,-19,191,True
2001/9/7,0,0,7.14,y戊↘忑-18.Z-7,7姗.__Bd龙管杂._主,升.尾连oQ.Q2,,屎降y↘,-7,-19,-20,192,True
2001/9/14,-0.4,-0.4,5.16,y戊↘忑-19.Z-8,7姗.__Bd龙管杂._主,(升)人.连后吞QV,,屎降y↘,-8,-20,-21,193,True
2001/9/21,0.4,0.4,3.59,y戊↘忑-20.Z-9,7姗.__Fa震正〇._主,(人)人.吞吞* VO,,屎降y↘,-9,-21,-22,194,True
2001/9/28,-2.38,-2.38,1.98,y戊↘忑-21.Z-10,7姗.__Fa震正〇._主,(人)人.吞吞* OV,,屎降y↘,-10,-22,-23,195,True
2001/10/12,-5.69,-5.69,2.03,y戊↘忑-22.Z-11,8姖.__Aa龙猪._主,跌.尾连VW.W2,,屎降y↘,-11,-23,-24,196,True
2001/10/19,-11.21,-11.21,0,y戊↘忑-23.Z-12,8姖.__Aa龙猪._主,跌.尾连WW.W3,,屎降y↘,-12,-24,-25,197,True
2001/10/26,16.99,16.99,20.39,y戊↘忑-24.Z-13,8姖.__Aa龙猪._主,(跌)人.连后吞WO,,屎降y↘,-13,-25,-26,198,True
2001/11/2,-1.24,-1.24,2.49,y戊↘忠-25.I,4蛀.__Be龙管根._主,(跌)人.连后吞WOv,,屎降y↘,1,-26,-27,199,True
2001/11/9,-1.26,-1.26,2.52,y戊↘忑-26.Y暂,5暂.__Aa龙猪._主,跌.尾连vW.W2,,屎降y↘,-1,-27,-28,200,True
2001/11/16,-0.85,-0.85,7.66,y戊↘忑-27.Z-2暂,5暂.__Fa震正〇._主,跌.尾连WW.W3,,屎降y↘,-2,-28,-29,201,True
2001/11/23,4.72,4.72,6.87,y戊↘忠-28.I暂,4暂.__Fe震正根._主,(跌)人.连后吞WO,,屎降y↘,1,-29,-30,202,True
2001/11/30,2.87,2.87,4.92,r己↗忐-29.B2暂,4暂.__Fe震正根.储,升.尾连OQ.Q2,,屎降r↗.4暂.__Fe震正根.储.魅6v,2,1,-31,203,True
2001/12/7,-1.59,-1.59,1.2,r己↗忐-30.B3暂,4暂.__Fe震正根.储,升.尾反孕Qv,,屎降r↗.4暂.__Fe震正根.储.魅6v,3,2,-32,204,True
2001/12/14,-4.45,-4.45,0,y戊↘忑-31.Y暂,5暂.__Fa震正〇._再B,跌.尾连vW.W2,,屎降y↘,-1,-1,-33,205,True
2001/12/21,-7.63,-7.63,-0.42,y戊↘忑-32.Z-2暂,5暂.__Fa震正〇._再B,跌.尾连WW.W3,,屎降y↘,-2,-2,-34,206,True
2001/12/28,2.29,2.29,3.67,y戊↘忑-33.Z-3暂,5暂.__Fa震正〇._再B,跌.尾反孕Wo,,屎降y↘,-3,-3,-35,207,True
2002/1/4,-2.24,-2.24,0.45,y戊↘忑-34.Z-4,9妩.__Fa震正〇._再B,跌.尾吞oV,,屎降y↘,-4,-4,-36,208,True
2002/1/11,-5.5,-5.5,1.38,y戊↘忑-35.Z-5,9妩.__Aa龙猪._主,跌.尾连VW.W2,,屎降y↘,-5,-5,-37,209,True
2002/1/18,-11.65,-11.65,-0.49,y戊↘忑-36.Z-6,9妩.__Aa龙猪._主,跌.尾连WW.W3,,屎降y↘,-6,-6,-38,210,True
2002/1/25,8.24,8.24,12.09,y戊↘忑-37.Z-7,9妩.__Aa龙猪._主,跌.尾反孕Wo,,屎降y↘,-7,-7,-39,211,True
2002/2/1,6.09,6.09,9.14,y戊↘忑-38.Z-8,7姗.__Bd龙管杂._主,升.尾连oQ.Q2,,屎降y↘,-8,-8,-40,212,True
2002/2/8,-0.48,-0.48,1.91,y戊↘忠-39.I,4蛀.__Be龙管根._主,升.尾反孕Qv,,屎降y↘,1,-9,-41,213,True
2002/3/1,-3.85,-3.85,2.88,y戊↘忑-40.Y暂,5暂.__Fa震正〇._主,跌.尾连vW.W2,,屎降y↘,-1,-10,-42,214,True
2002/3/8,9.5,9.5,11,y戊↘忠-41.I暂,4暂.__Fe震正根._主,(跌)人.连后吞WO,,屎降y↘,1,-11,-43,215,True
2002/3/15,-2.28,-2.28,3.2,y戊↘忠-42.B2暂,4暂.__Fe震正根._主,(跌)人.连后吞WOv,,屎降y↘,2,-12,-44,216,True
2002/3/22,0,0,3.27,y戊↘忠-43.B3暂,4暂.__Fe震正根._主,(人)人.孕孕vo,,屎降y↘,3,-13,-45,217,True
2002/3/29,-5.61,-5.61,0.47,y戊↘忑-44.Y暂,5暂.__Fa震正〇._主,跌.尾吞oV,,屎降y↘,-1,-14,-46,218,True
2002/4/5,0,0,2.48,y戊↘忑-45.Z-2暂,5暂.__Fa震正〇._主,跌.尾反孕oVo,,屎降y↘,-2,-15,-47,219,True
2002/4/12,-0.5,-0.5,3.96,y戊↘忑-46.Z-3暂,5暂.__Fa震正〇._主,(跌)人.孕孕ov,,屎降y↘,-3,-16,-48,220,True
2002/4/19,-1,-1,4.48,y戊↘忑-47.Z-4,9妩.__Fa震正〇._主,跌.尾连vW.W2,,屎降y↘,-4,-17,-49,221,True
2002/4/22,-5.53,-5.53,-2.01,y戊↘忑-48.Z-5,9妩.__Aa龙猪._主,跌.尾连WW.W3,,屎降y↘,-5,-18,-50,222,True
2002/4/30,-1.6,-1.6,1.6,y戊↘忑-49.Z-6,9妩.__Aa龙猪._主,跌.尾连WW.W4,,屎降y↘,-6,-19,-51,223,True
2002/5/10,2.16,2.16,5.41,y戊↘忑-50.Z-7,8姖.__Aa龙猪._主,(跌)人.连后吞WO,,屎降y↘,-7,-20,-52,224,True
2002/5/17,-2.65,-2.65,1.06,y戊↘忑-51.Z-8,8姖.__Aa龙猪._主,(人)人.吞吞* OV,,屎降y↘,-8,-21,-53,225,True
2002/5/24,-4.89,-4.89,1.63,y戊↘忑-52.Z-9,8姖.__Aa龙猪._主,跌.尾连VW.W2,,屎降y↘,-9,-22,-54,226,True
2002/5/31,8,8,9.71,y戊↘忑-53.Z-10,6娝.__Bc龙管栅._主,(跌)人.连后吞WO,,屎降y↘,-10,-23,-55,227,True
2002/6/7,4.23,4.23,5.82,y戊↘忠-54.I,4蛀.__Be龙管根._主,升.尾连OQ.Q2,,屎降y↘,1,-24,-56,228,True
2002/6/14,-5.08,-5.08,0,y戊↘忠-55.B2,4蛀.__Fe震正根._主,(升)人.连后吞QV,,屎降y↘,2,-25,-57,229,True
2002/6/21,6.42,6.42,8.02,r己↗忐-56.B3,4蛀.__Fe震正根.储,(人)人.吞吞* VO,,屎降r↗.4蛀.__Fe震正根.储.魅6v,3,1,-58,230,True
2002/6/28,14.07,14.07,18.09,a甲↗上1.A4,1柜.Aa龙猪.储,升.尾连OQ.Q2,高,唏待a↗.1柜.Aa龙猪.储,4,2,1,231,True
2002/7/5,-3.96,-3.96,3.52,a甲↗上2.A5,3桮.Bb龙管杂.储,(升)人.连后吞QV,,唏待a↗.3桮.Bb龙管杂.储,5,3,2,232,True
2002/7/12,-0.46,-0.46,3.21,a甲↗上3.A6,2栅.Bc龙管栅.初,跌.尾连VW.W2,,唏待a↗.2栅.Bc龙管栅.初,6,4,3,233,True
2002/7/19,0,0,2.3,a甲↗上4.A7,2栅.Bc龙管栅.初,跌.尾反孕Wo,,唏待a↗.2栅.Bc龙管栅.初,7,5,4,234,True
2002/7/26,-5.07,-5.07,0.46,b乙→中5.Y,5蛀.Fe震正根.初,跌.尾吞oV,,唏待b→.5蛀.Fe震正根.初,-1,6,5,235,True
2002/8/2,-0.97,-0.97,2.43,b乙→中6.Z-2,5蛀.__Ff震负._再D,跌.尾连VW.W2,,屎降b→.5蛀.__Ff震负._再D.魅6u,-2,7,-1,236,True
2002/8/9,-2.94,-2.94,2.45,c丙↘下7.Z-3,5蛀.__Df头负._再D,跌.尾连WW.W3,,屎降c↘.逃5I,-3,-1,-2,237,True
2002/8/16,-1.52,-1.52,-0.51,z丁↘忑-1.Z-4,9妩.__Fa震正〇._再D,跌.尾连WW.W4,,屎降z↘,-4,-2,-3,238,True
2002/8/23,3.59,3.59,5.13,z丁↘忑-2.Z-5,8姖.__Fa震正〇._再D,(跌)人.连后吞WO,,屎降z↘,-5,-3,-4,239,True
2002/8/30,-2.48,-2.48,0.99,z丁↘忑-3.Z-6,8姖.__Fa震正〇._再D,(跌)人.连后吞WOv,,屎降z↘,-6,-4,-5,240,True
2002/9/6,-1.52,-1.52,2.03,z丁↘忑-4.Z-7,8姖.__Fa震正〇._再D,跌.尾连vW.W2,,屎降z↘,-7,-5,-6,241,True
2002/9/13,-2.06,-2.06,0.52,z丁↘忑-5.Z-8,8姖.__Aa龙猪._主,跌.尾连WW.W3,,屎降z↘,-8,-6,-7,242,True
2002/9/20,-1.58,-1.58,1.05,z丁↘忑-6.Z-9,9妩.__Aa龙猪._主,跌.尾连WW.W4,,屎降z↘,-9,-7,-8,243,True
2002/9/27,-3.21,-3.21,0.53,z丁↘忑-7.Z-10,9妩.__Aa龙猪._主,跌.尾连WW.W5,,屎降z↘,-10,-8,-9,244,True
2002/10/11,-2.21,-2.21,0.55,z丁↘忑-8.Z-11,9妩.__Aa龙猪._主,跌.尾连WW.W6,,屎降z↘,-11,-9,-10,245,True
2002/10/18,-0.56,-0.56,3.95,z丁↘忑-9.Z-12,9妩.__Aa龙猪._主,跌.尾连WW.W7,,屎降z↘,-12,-10,-11,246,True
2002/10/25,0,0,3.41,z丁↘忑-10.Z-13,9妩.__Aa龙猪._主,跌.尾反孕Wo,,屎降z↘,-13,-11,-12,247,True
2002/11/1,-1.14,-1.14,1.14,z丁↘忑-11.Z-14,9妩.__Aa龙猪._主,跌.尾吞oV,,屎降z↘,-14,-12,-13,248,True
2002/11/8,9.2,9.2,16.67,y戊↘忠-12.I,4蛀.__Be龙管根._主,(跌)人.吞吞oVO,,屎降y↘,1,-13,-14,249,True
2002/11/15,2.11,2.11,5.79,r己↗忐-13.B2,4蛀.__Fe震正根.储,升.尾连OQ.Q2,,屎降r↗.4蛀.__Fe震正根.储.魅6v,2,1,-15,250,True
2002/11/22,-7.22,-7.22,1.55,y戊↘忑-14.Y暂,5暂.__Fa震正〇._再B,(升)人.连后吞QV,,屎降y↘,-1,-1,-16,251,True
2002/11/29,3.33,3.33,6.67,y戊↘忠-15.I暂,4暂.__Fe震正根._再B,(升)人.连后吞QVo,,屎降y↘,1,-2,-17,252,True
2002/12/6,-3.23,-3.23,1.08,y戊↘忑-16.Y暂,5暂.__Fa震正〇._再B,(人)人.孕孕vo,,屎降y↘,-1,-3,-18,253,True
2002/12/13,1.11,1.11,2.78,y戊↘忑-17.Z-2暂,5暂.__Fa震正〇._再B,(人)人.孕孕vo,,屎降y↘,-2,-4,-19,254,True
2002/12/20,2.2,2.2,3.3,y戊↘忠-18.I暂,4暂.__Fe震正根._再B,升.尾连oQ.Q2,,屎降y↘,1,-5,-20,255,True
2002/12/27,-4.84,-4.84,1.08,y戊↘忑-19.Y暂,5暂.__Fa震正〇._主,(升)人.连后吞QV,,屎降y↘,-1,-6,-21,256,True
2003/1/3,-1.69,-1.69,1.69,y戊↘忑-20.Z-2暂,5暂.__Fa震正〇._主,跌.尾连VW.W2,,屎降y↘,-2,-7,-22,257,True
2003/1/10,6.32,6.32,10.92,y戊↘忠-21.I暂,4暂.__Fe震正根._主,(跌)人.连后吞WO,,屎降y↘,1,-8,-23,258,True
2003/1/17,10.27,10.27,17.84,a甲↗上1.B2暂,4暂.Aa龙猪.储,升.尾连OQ.Q2,高,唏待a↗.4暂.Aa龙猪.储,2,1,1,259,True
2003/1/24,-0.98,-0.98,1.47,a甲↗上2.B3暂,4暂.Aa龙猪.初,升.尾反孕Qv,,唏待a↗.4暂.Aa龙猪.初,3,2,2,260,True
2003/1/29,1.49,1.49,3.47,a甲↗上3.A4,0橅.Aa龙猪.初,升.尾吞vO,,唏待a↗.0橅.Aa龙猪.初,4,3,3,261,True
2003/2/14,-2.93,-2.93,0,a甲↗上4.A5,1柜.Fa震正〇.初,(升)人.吞吞vOV,,唏待a↗.1柜.Fa震正〇.初,5,4,4,262,True
2003/2/21,-2.01,-2.01,1.01,a甲↗上5.A6,2栅.Fa震正〇.初,跌.尾连VW.W2,,唏待a↗.2栅.Fa震正〇.初,6,5,5,263,True
2003/2/28,0.51,0.51,2.05,b乙→中6.Y,5蛀.Fe震正根.初,跌.尾反孕Wo,,唏待b→.5蛀.Fe震正根.初,-1,6,6,264,True
2003/3/7,-1.02,-1.02,3.06,b乙→中7.Z-2,5蛀.Fe震正根.初,跌.尾吞oV,,唏待b→.5蛀.Fe震正根.初,-2,7,7,265,True
2003/3/14,-6.19,-6.19,-0.52,c丙↘下8.Z-3,5蛀.__Df头负._破,跌.尾连VW.W2,,屎降c↘.逃4v,-3,-1,-1,266,True
2003/3/21,0,0,2.2,z丁↘忑-1.Z-4,9妩.__Fa震正〇._初,跌.尾反孕Wo,,屎降z↘,-4,-2,-2,267,True
2003/3/28,1.1,1.1,2.75,z丁↘忑-2.Z-5,7姗.__Bd龙管杂._初,升.尾连oQ.Q2,,屎降z↘,-5,-3,-3,268,True
2003/4/4,3.26,3.26,4.89,y戊↘忠-3.I,4蛀.__Be龙管根._初,升.尾连QQ.Q3,,屎降y↘,1,-4,-4,269,True
2003/4/11,6.32,6.32,7.37,a甲↗上1.B2,4蛀.Dd头正芽.储,升.尾连QQ.Q4,连4,唏待a↗.4蛀.Dd头正芽.储,2,1,1,270,True
2003/4/18,0.5,0.5,5.45,a甲↗上2.B3,4蛀.Aa龙猪.初,升.尾连QQ.Q5,连5,唏待a↗.4蛀.Aa龙猪.初,3,2,2,271,True
2003/4/25,-9.85,-9.85,1.48,c丙↘下3.Y暂,5暂.__Df头负._破,(升)人.连后吞QV,,屎降c↘.逃4v,-1,-1,-1,272,True
2003/4/30,1.09,1.09,3.28,z丁↘忑-1.Z-2暂,5暂.__Fa震正〇._初,(升)人.连后吞QVo,,屎降z↘,-2,-2,-2,273,True
2003/5/16,3.78,3.78,7.03,z丁↘忑-2.Z-3暂,5暂.__Aa龙猪._初,升.尾连oQ.Q2,,屎降z↘,-3,-3,-3,274,True
2003/5/23,6.77,6.77,9.9,a甲↗上1.I暂,4暂.Dd头正芽.初,升.尾连QQ.Q3,连3,唏待a↗.4暂.Dd头正芽.初,1,1,1,275,True
2003/5/30,11.22,11.22,14.63,a甲↗上2.B2暂,4暂.Aa龙猪.初,升.尾连QQ.Q4,连4,银升a↗.4暂.Aa龙猪.初,2,2,2,276,True
2003/6/6,-1.32,-1.32,1.75,a甲↗上3.B3暂,4暂.Aa龙猪.初,升.尾反孕Qv,,银升a↗.4暂.Aa龙猪.初,3,3,3,277,True
2003/6/13,-4,-4,0.44,a甲↗上4.A4,2栅.Bc龙管栅.初,跌.尾连vW.W2,,银升a↗.2栅.Bc龙管栅.初,4,4,4,278,True
2003/6/20,-1.85,-1.85,4.17,a甲↗上5.A5,3桮.Fa震正〇.主,跌.尾连WW.W3,,银升a↗.3桮.Fa震正〇.主,5,5,5,279,True
2003/6/26,4.25,4.25,5.66,a甲↗上6.A6,3桮.Fa震正〇.主,(跌)人.连后吞WO,,银升a↗.3桮.Fa震正〇.主,6,6,6,280,True
2003/7/4,-1.36,-1.36,0.9,a甲↗上7.A7,3桮.Fa震正〇.主,(跌)人.连后吞WOv,,银升a↗.3桮.Fa震正〇.主,7,7,7,281,True
2003/7/11,6.42,6.42,7.8,a甲↗上8.A8,2栅.Bc龙管栅.主,升.尾吞vO,,银升a↗.2栅.Bc龙管栅.主,8,8,8,282,True
2003/7/18,-3.45,-3.45,2.59,a甲↗上9.A9,0橅.Aa龙猪.主,升.尾反孕vOv,,银升a↗.0橅.Aa龙猪.主,9,9,9,283,True
2003/7/25,0.89,0.89,3.57,a甲↗上10.A10,0橅.Aa龙猪.主,(升)人.孕孕vo,,金升a↗.0橅.Aa龙猪.主,10,10,10,284,True
2003/8/1,6.19,6.19,6.64,a甲↗上11.A11,0橅.Aa龙猪.主,升.尾连oQ.Q2,,金升a↗.0橅.Aa龙猪.主,11,11,11,285,True
2003/8/8,-3.33,-3.33,1.25,a甲↗上12.A12,0橅.Aa龙猪.主,升.尾反孕Qv,,金升a↗.0橅.Aa龙猪.主,12,12,12,286,True
2003/8/15,-2.16,-2.16,1.72,a甲↗上13.A13,2栅.Bc龙管栅.主,跌.尾连vW.W2,,金升a↗.2栅.Bc龙管栅.主,13,13,13,287,True
2003/8/22,-3.08,-3.08,0.88,b乙→中14.Y,5蛀.Be龙管根.主,跌.尾连WW.W3,,金升b→.5蛀.Be龙管根.主,-1,14,14,288,True
2003/8/29,-3.18,-3.18,0.45,c丙↘下15.Z-2,5蛀.Fe震正根.破,跌.尾连WW.W4,,金升c↘.被3v,-2,-1,15,289,True
2003/9/5,1.88,1.88,7.98,c丙↘下16.Z-3,5蛀.Fe震正根.破,跌.尾反孕Wo,,金升c↘.被3v,-3,-2,16,290,True
2003/9/12,-2.3,-2.3,0.92,z丁↘忑-1.Z-4,9妩.Ff震负.破,跌.尾吞oV,,金升z↘.警3w,-4,-3,17,291,True
2003/9/19,1.89,1.89,3.3,z丁↘忑-2.Z-5,9妩.Ff震负.破,跌.尾反孕oVo,,金升z↘.警3w,-5,-4,18,292,True
2003/9/26,-6.48,-6.48,1.39,z丁↘忑-3.Z-6,9妩.__Aa龙猪._破,跌.尾吞oV,,尿降z↘,-6,-5,-1,293,True
2003/9/30,-4.95,-4.95,0,z丁↘忑-4.Z-7,9妩.__Aa龙猪._初,跌.尾连VW.W2,,尿降z↘,-7,-6,-2,294,True
2003/10/10,2.6,2.6,3.12,z丁↘忑-5.Z-8,9妩.__Aa龙猪._初,跌.尾反孕Wo,,尿降z↘,-8,-7,-3,295,True
2003/10/17,-6.6,-6.6,0.51,z丁↘忑-6.Z-9,9妩.__Aa龙猪._初,跌.尾吞oV,,尿降z↘,-9,-8,-4,296,True
2003/10/24,-0.54,-0.54,5.43,z丁↘忑-7.Z-10,9妩.__Fa震正〇._初,跌.尾连VW.W2,,屎降z↘,-10,-9,-5,297,True
2003/10/31,-3.83,-3.83,1.09,z丁↘忑-8.Z-11,9妩.__Aa龙猪._初,跌.尾连WW.W3,,屎降z↘,-11,-10,-6,298,True
2003/11/7,-7.95,-7.95,3.98,z丁↘忑-9.Z-12,9妩.__Aa龙猪._初,跌.尾连WW.W4,,屎降z↘,-12,-11,-7,299,True
2003/11/14,-0.62,-0.62,1.85,z丁↘忑-10.Z-13,9妩.__Aa龙猪._主,跌.尾连WW.W5,,屎降z↘,-13,-12,-8,300,True
2003/11/21,8.7,8.7,16.77,z丁↘忑-11.Z-14,8姖.__Aa龙猪._主,(跌)人.连后吞WO,,屎降z↘,-14,-13,-9,301,True
2003/11/28,2.86,2.86,11.43,y戊↘忠-12.I,4蛀.__Be龙管根._主,升.尾连OQ.Q2,,屎降y↘,1,-14,-10,302,True
2003/12/5,5,5,7.22,y戊↘忠-13.B2,4蛀.__Fe震正根._主,升.尾连QQ.Q3,,屎降y↘,2,-15,-11,303,True
2003/12/12,-2.12,-2.12,1.59,y戊↘忠-14.B3,4蛀.__Fe震正根._主,升.尾反孕Qv,,屎降y↘,3,-16,-12,304,True
2003/12/19,-10.81,-10.81,1.08,y戊↘忑-15.Y暂,5暂.__Fa震正〇._主,跌.尾连vW.W2,,屎降y↘,-1,-17,-13,305,True
2003/12/26,10.91,10.91,11.52,y戊↘忠-16.I暂,4暂.__Fe震正根._主,跌.尾反孕Wo,,屎降y↘,1,-18,-14,306,True
2004/1/2,-2.19,-2.19,2.73,y戊↘忠-17.B2暂,4暂.__Fe震正根._主,(跌)人.孕孕ov,,屎降y↘,2,-19,-15,307,True
2004/1/9,6.15,6.15,13.97,r己↗忐-18.B3暂,4暂.__Fe震正根.储,升.尾吞vO,,屎降r↗.4暂.__Fe震正根.储.魅6v,3,1,-16,308,True
2004/1/16,2.11,2.11,3.68,a甲↗上1.A4,0橅.Aa龙猪.储,升.尾连OQ.Q2,,唏待a↗.0橅.Aa龙猪.储,4,2,1,309,True
2004/1/30,2.06,2.06,10.31,a甲↗上2.A5,0橅.Aa龙猪.储,升.尾连QQ.Q3,连3,唏待a↗.0橅.Aa龙猪.储,5,3,2,310,True
2004/2/6,3.03,3.03,9.09,a甲↗上3.A6,0橅.Aa龙猪.初,升.尾连QQ.Q4,连4,银升a↗.0橅.Aa龙猪.初,6,4,3,311,True
2004/2/13,6.37,6.37,11.27,a甲↗上4.A7,0橅.Aa龙猪.初,升.尾连QQ.Q5,连5,银升a↗.0橅.Aa龙猪.初,7,5,4,312,True
2004/2/20,3.69,3.69,8.76,a甲↗上5.A8,0橅.Aa龙猪.初,升.尾连QQ.Q6,连6,银升a↗.0橅.Aa龙猪.初,8,6,5,313,True
2004/2/27,-2.22,-2.22,0,a甲↗上6.A9,0橅.Aa龙猪.初,升.尾反孕Qv,,银升a↗.0橅.Aa龙猪.初,9,7,6,314,True
2004/3/5,-0.45,-0.45,4.09,a甲↗上7.A10,2栅.Bc龙管栅.初,跌.尾连vW.W2,,银升a↗.2栅.Bc龙管栅.初,10,8,7,315,True
2004/3/12,-1.37,-1.37,-0.46,a甲↗上8.A11,3桮.Fa震正〇.初,跌.尾连WW.W3,,银升a↗.3桮.Fa震正〇.初,11,9,8,316,True
2004/3/19,6.48,6.48,6.48,a甲↗上9.A12,3桮.Fa震正〇.主,(跌)人.连后吞WO,,金升a↗.3桮.Fa震正〇.主,12,10,9,317,True
2004/3/26,3.91,3.91,5.22,a甲↗上10.A13,3桮.Bb龙管杂.主,升.尾连OQ.Q2,,金升a↗.3桮.Bb龙管杂.主,13,11,10,318,True
2004/4/2,-2.93,-2.93,0.84,a甲↗上11.A14,2栅.Bc龙管栅.主,(升)人.连后吞QV,,金升a↗.2栅.Bc龙管栅.主,14,12,11,319,True
2004/4/9,-3.02,-3.02,1.29,a甲↗上12.A15,2栅.Bc龙管栅.主,跌.尾连VW.W2,,金升a↗.2栅.Bc龙管栅.主,15,13,12,320,True
2004/4/16,-3.11,-3.11,6.67,b乙→中13.Y,5蛀.Fe震正根.主,跌.尾连WW.W3,,金升b→.5蛀.Fe震正根.主,-1,14,13,321,True
2004/4/23,-4.13,-4.13,1.83,c丙↘下14.Z-2,5蛀.Fe震正根.破,跌.尾连WW.W4,,金升c↘.被3v,-2,-1,14,322,True
2004/4/30,-2.39,-2.39,3.83,c丙↘下15.Z-3,5蛀.__Df头负._破,跌.尾连WW.W5,,嘘待c↘.逃4v,-3,-2,-1,323,True
2004/5/14,-5.39,-5.39,1.47,z丁↘忑-1.Z-4,9妩.__Aa龙猪._破,跌.尾连WW.W6,,尿降z↘,-4,-3,-2,324,True
2004/5/21,2.07,2.07,4.15,z丁↘忑-2.Z-5,9妩.__Aa龙猪._初,跌.尾反孕Wo,,尿降z↘,-5,-4,-3,325,True
2004/5/28,-3.55,-3.55,0.51,z丁↘忑-3.Z-6,9妩.__Aa龙猪._初,跌.尾吞oV,,尿降z↘,-6,-5,-4,326,True
2004/6/4,0.53,0.53,4.21,z丁↘忑-4.Z-7,9妩.__Aa龙猪._初,跌.尾反孕oVo,,尿降z↘,-7,-6,-5,327,True
2004/6/11,-8.9,-8.9,0,z丁↘忑-5.Z-8,9妩.__Aa龙猪._初,跌.尾吞oV,,尿降z↘,-8,-7,-6,328,True
2004/6/18,1.15,1.15,3.45,z丁↘忑-6.Z-9,9妩.__Aa龙猪._初,跌.尾反孕oVo,,屎降z↘,-9,-8,-7,329,True
2004/6/25,-1.7,-1.7,4.55,z丁↘忑-7.Z-10,9妩.__Aa龙猪._初,(跌)人.孕孕ov,,屎降z↘,-10,-9,-8,330,True
2004/7/2,-0.58,-0.58,1.16,z丁↘忑-8.Z-11,9妩.__Aa龙猪._主,跌.尾连vW.W2,,屎降z↘,-11,-10,-9,331,True
2004/7/9,-0.58,-0.58,3.49,z丁↘忑-9.Z-12,9妩.__Aa龙猪._主,跌.尾连WW.W3,,屎降z↘,-12,-11,-10,332,True
2004/7/16,2.92,2.92,3.51,z丁↘忑-10.Z-13,8姖.__Aa龙猪._主,(跌)人.连后吞WO,,屎降z↘,-13,-12,-11,333,True
2004/7/23,-1.14,-1.14,2.27,z丁↘忑-11.Z-14,8姖.__Fa震正〇._主,(跌)人.连后吞WOv,,屎降z↘,-14,-13,-12,334,True
2004/7/30,1.72,1.72,4.02,y戊↘忠-12.I,4蛀.__Fe震正根._主,升.尾吞vO,,屎降y↘,1,-14,-13,335,True
2004/8/6,2.26,2.26,6.78,y戊↘忠-13.B2,4蛀.__Fe震正根._主,升.尾连OQ.Q2,,屎降y↘,2,-15,-14,336,True
2004/8/13,2.76,2.76,3.87,r己↗忐-14.B3,4蛀.__Fe震正根.储,升.尾连QQ.Q3,,屎降r↗.4蛀.__Fe震正根.储.魅6v,3,1,-15,337,True
2004/8/20,-6.45,-6.45,2.15,y戊↘忑-15.Y暂,5暂.__Fa震正〇._再B,(升)人.连后吞QV,,屎降y↘,-1,-1,-16,338,True
2004/8/27,-2.3,-2.3,0,y戊↘忑-16.Z-2暂,5暂.__Fa震正〇._再B,跌.尾连VW.W2,,屎降y↘,-2,-2,-17,339,True
2004/9/3,0,0,3.53,y戊↘忑-17.Z-3暂,5暂.__Fa震正〇._再B,跌.尾反孕Wo,,屎降y↘,-3,-3,-18,340,True
2004/9/10,-4.71,-4.71,0.59,y戊↘忑-18.Z-4,9妩.__Aa龙猪._再B,跌.尾吞oV,,屎降y↘,-4,-4,-19,341,True
2004/9/17,8.64,8.64,8.64,y戊↘忠-19.I,4蛀.__Be龙管根._再B,(跌)人.吞吞oVO,,屎降y↘,1,-5,-20,342,True
2004/9/24,2.27,2.27,9.09,r己↗忐-20.B2,4蛀.__Fe震正根.储,升.尾连OQ.Q2,,屎降r↗.4蛀.__Fe震正根.储.魅6v,2,1,-21,343,True
2004/9/30,-3.33,-3.33,2.78,y戊↘忠-21.B3,4蛀.__Be龙管根._再B,(升)人.连后吞QV,,屎降y↘,3,-1,-22,344,True
2004/10/8,3.45,3.45,4.02,r己↗忐-22.A4,1柜.__Fe震正根.储,(升)人.连后吞QVo,,屎降r↗.1柜.__Fe震正根.储.魅6v,4,1,-23,345,True
2004/10/15,1.67,1.67,7.22,a甲↗上1.A5,1柜.__Ff震负.储,升.尾连oQ.Q2,,屎降a↗.1柜.__Ff震负.储.魅6w,5,2,-24,346,True
2004/10/22,-0.55,-0.55,4.37,a甲↗上2.A6,1柜.__Ff震负.储,升.尾反孕Qv,,屎降a↗.1柜.__Ff震负.储.魅6w,6,3,-25,347,True
2004/10/29,-6.04,-6.04,2.2,c丙↘下3.Y,5蛀.__Df头负._再C,跌.尾连vW.W2,,屎降c↘.逃5I,-1,-1,-26,348,True
2004/11/5,-1.17,-1.17,2.34,z丁↘忑-1.Z-2,5蛀.__Fa震正〇._再C,跌.尾连WW.W3,,屎降z↘,-2,-2,-27,349,True
2004/11/12,5.33,5.33,10.06,y戊↘忠-2.I暂,4暂.__Fe震正根._再C,(跌)人.连后吞WO,,屎降y↘,1,-3,-28,350,True
2004/11/19,2.25,2.25,2.81,a甲↗上1.B2暂,4暂.__Ff震负.储,升.尾连OQ.Q2,,屎降a↗.4暂.__Ff震负.储.魅6w,2,1,-29,351,True
2004/11/26,-2.2,-2.2,1.65,a甲↗上2.B3暂,4暂.__Ff震负.储,(升)人.连后吞QV,,屎降a↗.4暂.__Ff震负.储.魅6w,3,2,-30,352,True
2004/12/3,2.81,2.81,5.62,a甲↗上3.A4,1柜.Dd头正芽.储,(升)人.连后吞QVo,,唏待a↗.1柜.Dd头正芽.储,4,3,1,353,True
2004/12/10,-2.73,-2.73,1.64,a甲↗上4.A5,1柜.__Ff震负.储,(人)人.孕孕vo,,屎降a↗.1柜.__Ff震负.储.魅6w,5,4,-1,354,True
2004/12/17,-3.93,-3.93,0.56,z丁↘忑-1.Y,5蛀.__Fa震正〇._再C,跌.尾连vW.W2,,屎降z↘,-1,-1,-2,355,True
2004/12/24,3.51,3.51,5.85,z丁↘忑-2.Z-2,5蛀.__Fa震正〇._再C,(跌)人.连后吞WO,,屎降z↘,-2,-2,-3,356,True
2004/12/31,-0.56,-0.56,2.26,z丁↘忑-3.Z-3,5蛀.__Fa震正〇._再C,(跌)人.连后吞WOv,,屎降z↘,-3,-3,-4,357,True
2005/1/7,1.7,1.7,4.55,r己↗忐-4.I暂,4暂.__Fe震正根.储,升.尾吞vO,,屎降r↗.4暂.__Fe震正根.储.魅6v,1,1,-5,358,True
2005/1/14,-1.12,-1.12,2.23,a甲↗上1.B2暂,4暂.__Ff震负.储,升.尾反孕vOv,,屎降a↗.4暂.__Ff震负.储.魅6v,2,2,-6,359,True
2005/1/21,-4.52,-4.52,0,z丁↘忑-1.Y暂,5暂.__Aa龙猪._再C,跌.尾连vW.W2,,屎降z↘,-1,-1,-7,360,True
2005/1/28,-4.73,-4.73,3.55,z丁↘忑-2.Z-2暂,5暂.__Aa龙猪._再C,跌.尾连WW.W3,,屎降z↘,-2,-2,-8,361,True
2005/2/4,0.62,0.62,2.48,z丁↘忑-3.Z-3暂,5暂.__Aa龙猪._再C,跌.尾反孕Wo,,屎降z↘,-3,-3,-9,362,True
2005/2/18,0,0,1.85,z丁↘忑-4.Z-4,7姗.__Bd龙管杂._再C,升.尾连oQ.Q2,,屎降z↘,-4,-4,-10,363,True
2005/2/25,3.7,3.7,5.56,z丁↘忑-5.Z-5,6娝.__Bc龙管栅._主,升.尾连QQ.Q3,,屎降z↘,-5,-5,-11,364,True
2005/3/4,-2.98,-2.98,0.6,z丁↘忑-6.Z-6,6娝.__Fa震正〇._主,升.尾反孕Qv,,屎降z↘,-6,-6,-12,365,True
2005/3/11,1.84,1.84,4.91,z丁↘忑-7.Z-7,6娝.__Fa震正〇._主,(升)人.孕孕vo,,屎降z↘,-7,-7,-13,366,True
2005/3/18,-4.22,-4.22,0.6,z丁↘忑-8.Z-8,7姗.__Fa震正〇._主,跌.尾吞oV,,屎降z↘,-8,-8,-14,367,True
2005/3/25,-10.06,-10.06,0,z丁↘忑-9.Z-9,9妩.__Aa龙猪._主,跌.尾连VW.W2,,屎降z↘,-9,-9,-15,368,True
2005/4/1,-4.2,-4.2,-1.4,z丁↘忑-10.Z-10,9妩.__Aa龙猪._主,跌.尾连WW.W3,,屎降z↘,-10,-10,-16,369,True
2005/4/8,-2.92,-2.92,-1.46,z丁↘忑-11.Z-11,9妩.__Aa龙猪._主,跌.尾连WW.W4,,屎降z↘,-11,-11,-17,370,True
2005/4/15,-3.76,-3.76,5.26,z丁↘忑-12.Z-12,9妩.__Aa龙猪._主,跌.尾连WW.W5,,屎降z↘,-12,-12,-18,371,True
2005/4/22,-5.47,-5.47,0,z丁↘忑-13.Z-13,9妩.__Aa龙猪._主,跌.尾连WW.W6,,屎降z↘,-13,-13,-19,372,True
2005/4/29,-3.31,-3.31,3.31,z丁↘忑-14.Z-14,9妩.__Aa龙猪._主,跌.尾连WW.W7,,屎降z↘,-14,-14,-20,373,True
2005/5/13,5.98,5.98,7.69,z丁↘忑-15.Z-15,8姖.__Aa龙猪._主,(跌)人.连后吞WO,,屎降z↘,-15,-15,-21,374,True
2005/5/20,-4.03,-4.03,0,z丁↘忑-16.Z-16,8姖.__Aa龙猪._主,(跌)人.连后吞WOv,,屎降z↘,-16,-16,-22,375,True
2005/5/27,-1.68,-1.68,2.52,z丁↘忑-17.Z-17,8姖.__Fa震正〇._主,跌.尾连vW.W2,,屎降z↘,-17,-17,-23,376,True
2005/6/3,-8.55,-8.55,1.71,z丁↘忑-18.Z-18,8姖.__Aa龙猪._主,跌.尾连WW.W3,,屎降z↘,-18,-18,-24,377,True
2005/6/10,13.08,13.08,18.69,z丁↘忑-19.Z-19,8姖.__Aa龙猪._主,(跌)人.连后吞WO,,屎降z↘,-19,-19,-25,378,True
2005/6/17,-4.13,-4.13,0.83,z丁↘忑-20.Z-20,8姖.__Aa龙猪._主,(跌)人.连后吞WOv,,屎降z↘,-20,-20,-26,379,True
2005/6/24,7.76,7.76,10.34,y戊↘忠-21.I,4蛀.__Be龙管根._主,升.尾吞vO,,屎降y↘,1,-21,-27,380,True
2005/7/1,-8.8,-8.8,4.8,y戊↘忑-22.Y暂,5暂.__Fa震正〇._主,(升)人.吞吞vOV,,屎降y↘,-1,-22,-28,381,True
2005/7/8,-4.39,-4.39,0,y戊↘忑-23.Z-2暂,5暂.__Fa震正〇._主,跌.尾连VW.W2,,屎降y↘,-2,-23,-29,382,True
2005/7/15,0.92,0.92,5.5,y戊↘忑-24.Z-3暂,5暂.__Fa震正〇._主,跌.尾反孕Wo,,屎降y↘,-3,-24,-30,383,True
2005/7/22,1.82,1.82,2.73,y戊↘忑-25.Z-4,7姗.__Fa震正〇._主,升.尾连oQ.Q2,,屎降y↘,-4,-25,-31,384,True
2005/7/29,5.36,5.36,8.04,y戊↘忠-26.I,4蛀.__Fe震正根._主,升.尾连QQ.Q3,,屎降y↘,1,-26,-32,385,True
2005/8/5,5.08,5.08,6.78,r己↗忐-27.B2,4蛀.__Fe震正根.储,升.尾连QQ.Q4,,屎降r↗.4蛀.__Fe震正根.储.魅6v,2,1,-33,386,True
2005/8/12,0,0,4.03,r己↗忐-28.B3,4蛀.__Fe震正根.储,升.尾连QQ.Q5,,屎降r↗.4蛀.__Fe震正根.储.魅6v,3,2,-34,387,True
2005/8/19,14.52,14.52,15.32,a甲↗上1.A4,0橅.Aa龙猪.储,升.尾连QQ.Q6,高连6,唏待a↗.0橅.Aa龙猪.储,4,3,1,388,True
2005/8/26,-3.52,-3.52,1.41,a甲↗上2.A5,0橅.Aa龙猪.储,升.尾反孕Qv,,唏待a↗.0橅.Aa龙猪.储,5,4,2,389,True
2005/9/2,7.3,7.3,9.49,a甲↗上3.A6,0橅.Aa龙猪.初,升.尾吞vO,,唏待a↗.0橅.Aa龙猪.初,6,5,3,390,True
2005/9/9,0.68,0.68,6.8,a甲↗上4.A7,0橅.Aa龙猪.初,升.尾连OQ.Q2,,唏待a↗.0橅.Aa龙猪.初,7,6,4,391,True
2005/9/16,0.68,0.68,3.38,a甲↗上5.A8,0橅.Aa龙猪.初,升.尾连QQ.Q3,连3,唏待a↗.0橅.Aa龙猪.初,8,7,5,392,True
2005/9/23,-9.4,-9.4,0,b乙→中6.Y,5蛀.Be龙管根.初,(升)人.连后吞QV,,唏待b→.5蛀.Be龙管根.初,-1,8,6,393,True
2005/9/30,1.48,1.48,2.96,b乙→中7.Z-2,5蛀.Fe震正根.初,(升)人.连后吞QVo,,唏待b→.5蛀.Fe震正根.初,-2,9,7,394,True
2005/10/14,-1.46,-1.46,1.46,b乙→中8.Z-3,5蛀.Fe震正根.初,(人)人.孕孕vo,,唏待b→.5蛀.Fe震正根.初,-3,10,8,395,True
2005/10/21,2.22,2.22,6.67,b乙→中9.Z-4,8姖.Fe震正根.初,升.尾吞vO,,唏待b→.8姖.Fe震正根.初,-4,11,9,396,True
2005/10/28,-7.25,-7.25,5.07,c丙↘下10.Z-5,8姖.__Df头负._再D,(升)人.吞吞vOV,,屎降c↘.逃5i,-5,-1,-1,397,True
2005/11/4,4.69,4.69,4.69,c丙↘下11.Z-6,8姖.__Df头负._再D,(升)人.吞吞vOVo,,屎降c↘.逃5I,-6,-2,-2,398,True
2005/11/11,-2.99,-2.99,2.24,z丁↘忑-1.Z-7,8姖.__Aa龙猪._再D,(人)人.孕孕vo,,屎降z↘,-7,-3,-3,399,True
2005/11/18,3.85,3.85,5.38,y戊↘忠-2.I,4蛀.__Be龙管根._再D,升.尾吞vO,,屎降y↘,1,-4,-4,400,True
2005/11/25,-0.74,-0.74,0.74,r己↗忐-3.B2,4蛀.__Fe震正根.储,升.尾反孕vOv,,屎降r↗.4蛀.__Fe震正根.储.魅6v,2,1,-5,401,True
2005/12/2,0,0,4.48,r己↗忐-4.B3,4蛀.__Fe震正根.储,(升)人.孕孕vo,,屎降r↗.4蛀.__Fe震正根.储.魅6v,3,2,-6,402,True
2005/12/9,1.49,1.49,1.49,a甲↗上1.A4,0橅.Dd头正芽.储,升.尾连oQ.Q2,,唏待a↗.0橅.Dd头正芽.储,4,3,1,403,True
2005/12/16,2.21,2.21,4.41,a甲↗上2.A5,0橅.Dd头正芽.初,升.尾连QQ.Q3,连3,唏待a↗.0橅.Dd头正芽.初,5,4,2,404,True
2006/1/6,15.11,15.11,15.11,a甲↗上3.A6,0橅.Aa龙猪.初,升.尾连QQ.Q4,高连4,银升a↗.0橅.Aa龙猪.初,6,5,3,405,True
2006/1/10,3.75,3.75,4.37,a甲↗上4.A7,0橅.Aa龙猪.初,升.尾连QQ.Q5,连5,银升a↗.0橅.Aa龙猪.初,7,6,4,406,True
2006/2/10,6.63,6.63,13.86,a甲↗上5.A8,0橅.Aa龙猪.初,升.尾连QQ.Q6,宽连6,银升a↗.0橅.Aa龙猪.初,8,7,5,407,True
2006/2/17,-10.17,-10.17,0.56,a甲↗上6.A9,1柜.Aa龙猪.初,(升)人.连后吞QV,,银升a↗.1柜.Aa龙猪.初,9,8,6,408,True
2006/2/24,5.66,5.66,6.92,a甲↗上7.A10,1柜.Aa龙猪.主,(升)人.连后吞QVo,,银升a↗.1柜.Aa龙猪.主,10,9,7,409,True
2006/3/3,-2.98,-2.98,1.19,a甲↗上8.A11,1柜.Fa震正〇.主,(人)人.孕孕vo,,银升a↗.1柜.Fa震正〇.主,11,10,8,410,True
2006/3/10,-6.13,-6.13,0.61,b乙→中9.Y,5蛀.Fe震正根.主,跌.尾连vW.W2,,银升b→.5蛀.Fe震正根.主,-1,11,9,411,True
2006/3/17,0.65,0.65,3.92,b乙→中10.Z-2,5蛀.Fe震正根.主,跌.尾反孕Wo,,银升b→.5蛀.Fe震正根.主,-2,12,10,412,True
2006/3/24,2.6,2.6,6.49,b乙→中11.Z-3,5蛀.Fe震正根.主,升.尾连oQ.Q2,,银升b→.5蛀.Fe震正根.主,-3,13,11,413,True
2006/3/31,9.49,9.49,11.39,b乙↗上12.I暂,4暂.Fd震正芽.主,升.尾连QQ.Q3,连3,银升b↗.4暂.Fd震正芽.主,1,14,12,414,True
2006/4/7,6.36,6.36,6.94,b乙↗上13.B2暂,4暂.Fd震正芽.主,升.尾连QQ.Q4,连4,金升b↗.4暂.Fd震正芽.主,2,15,13,415,True
2006/4/14,-5.43,-5.43,1.63,b乙↗上14.B3暂,4暂.Fd震正芽.主,升.尾反孕Qv,,金升b↗.4暂.Fd震正芽.主,3,16,14,416,True
2006/4/21,11.49,11.49,13.22,b乙↗上15.A4,0橅.Aa龙猪.主,升.尾吞vO,,金升b↗.0橅.Aa龙猪.主,4,17,15,417,True
2006/4/28,4.64,4.64,6.19,b乙↗上16.A5,0橅.Aa龙猪.主,升.尾连OQ.Q2,,金升b↗.0橅.Aa龙猪.主,5,18,16,418,True
2006/5/12,30.54,30.54,30.54,b乙↗上17.A6,0橅.Aa龙猪.主,升.尾连QQ.Q3,宽高连3,金升b↗.0橅.Aa龙猪.主,6,19,17,419,True
2006/5/19,17.74,17.74,21.13,b乙↗上18.A7,0橅.Aa龙猪.主,升.尾连QQ.Q4,宽高连4,金升b↗.0橅.Aa龙猪.主,7,20,18,420,True
2006/5/26,-5.45,-5.45,4.49,b乙↗上19.A8,0橅.Aa龙猪.主,升.尾反孕Qv,宽,金升b↗.0橅.Aa龙猪.主,8,21,19,421,True
2006/6/2,-3.39,-3.39,3.39,b乙↗上20.A9,2栅.Bc龙管栅.主,跌.尾连vW.W2,宽,金升b↗.2栅.Bc龙管栅.主,9,22,20,422,True
2006/6/9,-2.46,-2.46,7.37,b乙↗上21.A10,3桮.Bb龙管杂.主,跌.尾连WW.W3,,金升b↗.3桮.Bb龙管杂.主,10,23,21,423,True
2006/6/16,8.27,8.27,11.51,b乙↗上22.A11,3桮.Fa震正〇.主,(跌)人.连后吞WO,,金升b↗.3桮.Fa震正〇.主,11,24,22,424,True
2006/6/23,22.26,22.26,22.59,b乙↗上23.A12,3桮.Bb龙管杂.主,升.尾连OQ.Q2,宽高,金升b↗.3桮.Bb龙管杂.主,12,25,23,425,True
2006/6/30,-4.08,-4.08,4.35,b乙↗上24.A13,2栅.Bc龙管栅.主,升.尾反孕Qv,宽,金升b↗.2栅.Bc龙管栅.主,13,26,24,426,True
2006/7/7,0.85,0.85,6.23,b乙↗上25.A14,0橅.Aa龙猪.主,(升)人.孕孕vo,,金升b↗.0橅.Aa龙猪.主,14,27,25,427,True
2006/7/14,-10.67,-10.67,0.56,b乙↗上26.A15,1柜.Aa龙猪.主,跌.尾吞oV,,金升b↗.1柜.Aa龙猪.主,15,28,26,428,True
2006/7/21,3.46,3.46,6.92,b乙↗上27.A16,1柜.Fa震正〇.主,跌.尾反孕oVo,,金升b↗.1柜.Fa震正〇.主,16,29,27,429,True
2006/7/28,-6.99,-6.99,2.74,b乙→中28.Y,5蛀.Fe震正根.主,跌.尾吞oV,,金升b→.5蛀.Fe震正根.主,-1,30,28,430,True
2006/8/4,-9.15,-9.15,0.98,c丙↘下29.Z-2,5蛀.Fe震正根.破,跌.尾连VW.W2,,金升c↘.被3v,-2,-1,29,431,True
2006/8/8,-1.8,-1.8,-0.72,c丙↘下30.Z-3,5蛀.Fe震正根.破,跌.尾连WW.W3,,金升c↘.被3v,-3,-2,30,432,True
2006/8/25,10.62,10.62,13.92,c丙↘下31.Z-4,8姖.Fe震正根.破,(跌)人.连后吞WO,,金升c↘.被3v,-4,-3,31,433,True
2006/9/1,-2.65,-2.65,6.62,c丙↘下32.Z-5,8姖.Fe震正根.破,(跌)人.连后吞WOv,,金升c↘.被3v,-5,-4,32,434,True
2006/9/8,5.78,5.78,11.22,b乙↗上33.I,4蛀.Dd头正芽.再B,升.尾吞vO,,金升b↗.4蛀.Dd头正芽.再B,1,1,33,435,True
2006/9/15,-4.5,-4.5,0.96,b乙→中34.Y暂,5暂.De头正根.再B,升.尾反孕vOv,,金升b→.5暂.De头正根.再B,-1,2,34,436,True
2006/9/22,1.35,1.35,4.38,b乙↗上35.I暂,4暂.Dd头正芽.再B,(升)人.孕孕vo,,金升b↗.4暂.Dd头正芽.再B,1,3,35,437,True
2006/9/29,-1.33,-1.33,2.66,b乙→中36.Y暂,5暂.De头正根.再B,(人)人.孕孕vo,,金升b→.5暂.De头正根.再B,-1,4,36,438,True
2006/10/13,7.07,7.07,10.77,b乙↗上37.I暂,4暂.Dd头正芽.再B,升.尾吞vO,,金升b↗.4暂.Dd头正芽.再B,1,5,37,439,True
2006/10/20,-4.72,-4.72,1.26,b乙↗上38.B2暂,4暂.Dd头正芽.主,升.尾反孕vOv,,金升b↗.4暂.Dd头正芽.主,2,6,38,440,True
2006/10/27,-4.29,-4.29,2.97,c丙↘下39.Y暂,5暂.Fe震正根.破,跌.尾连vW.W2,,金升c↘.被3v,-1,-1,39,441,True
2006/11/3,1.72,1.72,3.45,c丙↘下40.Z-2暂,5暂.Fe震正根.破,跌.尾反孕Wo,,金升c↘.被3v,-2,-2,40,442,True
2006/11/10,-0.34,-0.34,2.37,z丁↘忑-1.Z-3暂,5暂.Ff震负.破,(跌)人.孕孕ov,,金升z↘.警3w,-3,-3,41,443,True
2006/11/17,7.14,7.14,9.18,a甲↗上1.I暂,4暂.Dd头正芽.再C,升.尾吞vO,,金升a↗.4暂.Dd头正芽.再C,1,1,42,444,True
2006/11/24,4.44,4.44,6.98,a甲↗上2.B2暂,4暂.Aa龙猪.再C,升.尾连OQ.Q2,,金升a↗.4暂.Aa龙猪.再C,2,2,43,445,True
2006/12/1,7.29,7.29,10.03,a甲↗上3.B3暂,4暂.Aa龙猪.再C,升.尾连QQ.Q3,连3,金升a↗.4暂.Aa龙猪.再C,3,3,44,446,True
2006/12/8,-3.68,-3.68,6.52,a甲↗上4.A4,0橅.Aa龙猪.再C,升.尾反孕Qv,,金升a↗.0橅.Aa龙猪.再C,4,4,45,447,True
2006/12/15,17.06,17.06,20.59,a甲↗上5.A5,0橅.Aa龙猪.主,升.尾吞vO,高,金升a↗.0橅.Aa龙猪.主,5,5,46,448,True
2006/12/22,-0.5,-0.5,7.54,a甲↗上6.A6,0橅.Aa龙猪.主,升.尾反孕vOv,,金升a↗.0橅.Aa龙猪.主,6,6,47,449,True
2006/12/29,4.29,4.29,11.36,a甲↗上7.A7,0橅.Aa龙猪.主,升.尾吞vO,,金升a↗.0橅.Aa龙猪.主,7,7,48,450,True
2007/1/5,0.73,0.73,2.91,a甲↗上8.A8,0橅.Aa龙猪.主,升.尾连OQ.Q2,,金升a↗.0橅.Aa龙猪.主,8,8,49,451,True
2007/1/12,11.78,11.78,20.43,a甲↗上9.A9,0橅.Aa龙猪.主,升.尾连QQ.Q3,宽高连3,金升a↗.0橅.Aa龙猪.主,9,9,50,452,True
2007/1/19,10.97,10.97,13.12,a甲↗上10.A10,0橅.Aa龙猪.主,升.尾连QQ.Q4,连4,金升a↗.0橅.Aa龙猪.主,10,10,51,453,True
2007/1/26,-7.17,-7.17,5.04,a甲↗上11.A11,0橅.Aa龙猪.主,升.尾反孕Qv,,金升a↗.0橅.Aa龙猪.主,11,11,52,454,True
2007/2/2,-14.61,-14.61,1.88,b乙→中12.Y,5蛀.Be龙管根.主,跌.尾连vW.W2,宽,金升b→.5蛀.Be龙管根.主,-1,12,53,455,True
2007/2/9,7.33,7.33,10.02,b乙→中13.Z-2,5蛀.Be龙管根.主,跌.尾反孕Wo,宽,金升b→.5蛀.Be龙管根.主,-2,13,54,456,True
2007/2/16,10.25,10.25,13.21,b乙↗上14.I暂,4暂.Fd震正芽.主,升.尾连oQ.Q2,,金升b↗.4暂.Fd震正芽.主,1,14,55,457,True
2007/3/2,-13.64,-13.64,-0.21,b乙→中15.Y暂,5暂.Fe震正根.主,(升)人.连后吞QV,宽,金升b→.5暂.Fe震正根.主,-1,15,56,458,True
2007/3/9,1.67,1.67,5.98,b乙→中16.Z-2暂,5暂.Fe震正根.主,(升)人.连后吞QVo,,金升b→.5暂.Fe震正根.主,-2,16,57,459,True
2007/3/16,1.41,1.41,8.24,b乙→中17.Z-3暂,5暂.Fe震正根.主,升.尾连oQ.Q2,,金升b→.5暂.Fe震正根.主,-3,17,58,460,True
2007/3/23,0.93,0.93,4.64,b乙→中18.Z-4,6娝.Fe震正根.主,升.尾连QQ.Q3,连3,金升b→.6娝.Fe震正根.主,-4,18,59,461,True
2007/3/30,-2.76,-2.76,5.06,b乙→中19.Z-5,6娝.Fe震正根.主,升.尾反孕Qv,,金升b→.6娝.Fe震正根.主,-5,19,60,462,True
2007/4/6,13,13,17.97,b乙↗上20.I,4蛀.Fd震正芽.主,升.尾吞vO,高,金升b↗.4蛀.Fd震正芽.主,1,20,61,463,True
2007/4/13,15.9,15.9,19.04,b乙↗上21.B2,4蛀.Aa龙猪.主,升.尾连OQ.Q2,宽高,金升b↗.4蛀.Aa龙猪.主,2,21,62,464,True
2007/4/20,-6.68,-6.68,1.62,b乙↗上22.B3,4蛀.Aa龙猪.主,升.尾反孕Qv,,金升b↗.4蛀.Aa龙猪.主,3,22,63,465,True
2007/4/27,-0.58,-0.58,5.42,b乙↗上23.A4,2栅.Bc龙管栅.主,跌.尾连vW.W2,,金升b↗.2栅.Bc龙管栅.主,4,23,64,466,True
2007/4/30,-2.72,-2.72,-1.56,b乙↗上24.A5,3桮.Fa震正〇.主,跌.尾连WW.W3,,金升b↗.3桮.Fa震正〇.主,5,24,65,467,True
2007/5/11,-0.6,-0.6,3.4,b乙↗上25.A6,3桮.Fa震正〇.主,跌.尾连WW.W4,,金升b↗.3桮.Fa震正〇.主,6,25,66,468,True
2007/5/18,4.02,4.02,8.05,b乙↗上26.A7,3桮.Fa震正〇.主,(跌)人.连后吞WO,,金升b↗.3桮.Fa震正〇.主,7,26,67,469,True
2007/5/25,0.77,0.77,5.03,b乙↗上27.A8,3桮.Fa震正〇.主,升.尾连OQ.Q2,,金升b↗.3桮.Fa震正〇.主,8,27,68,470,True
2007/6/1,-9.79,-9.79,6.91,c丙↘下28.Y,5蛀.Fe震正根.破,(升)人.连后吞QV,,金升c↘.被3v,-1,-1,69,471,True
2007/6/8,0.21,0.21,2.98,c丙↘下29.Z-2,5蛀.Fe震正根.破,(升)人.连后吞QVo,,金升c↘.被3v,-2,-2,70,472,True
2007/6/15,7.43,7.43,9.77,b乙↗上30.I暂,4暂.Dd头正芽.再B,升.尾连oQ.Q2,,金升b↗.4暂.Dd头正芽.再B,1,1,71,473,True
2007/6/22,2.96,2.96,9.68,b乙↗上31.B2暂,4暂.Dd头正芽.再B,升.尾连QQ.Q3,连3,金升b↗.4暂.Dd头正芽.再B,2,2,72,474,True
2007/6/29,-2.5,-2.5,17.27,b乙↗上32.B3暂,4暂.Aa龙猪.再B,(升)人.连后吞QV,宽高,金升b↗.4暂.Aa龙猪.再B,3,3,73,475,True
2007/7/6,-5.51,-5.51,1.97,c丙↘下33.Y暂,5暂.Fe震正根.破,跌.尾连VW.W2,宽,金升c↘.被3v,-1,-1,74,476,True
2007/7/13,-0.63,-0.63,3.75,c丙↘下34.Z-2暂,5暂.Fe震正根.破,跌.尾连WW.W3,宽,金升c↘.被3v,-2,-2,75,477,True
2007/7/20,7.34,7.34,7.97,b乙↗上35.I暂,4暂.Dd头正芽.再B,(跌)人.连后吞WO,宽,金升b↗.4暂.Dd头正芽.再B,1,1,76,478,True
2007/7/27,3.13,3.12,6.25,b乙↗上36.B2暂,4暂.Dd头正芽.再B,升.尾连OQ.Q2,宽,金升b↗.4暂.Dd头正芽.再B,2,2,77,479,True
2007/8/3,14.96,14.96,16.29,b乙↗上37.B3暂,4暂.Aa龙猪.再B,升.尾连QQ.Q3,高连3,金升b↗.4暂.Aa龙猪.再B,3,3,78,480,True
2007/8/10,-5.44,-5.44,3.13,b乙↗上38.A4,0橅.Aa龙猪.再B,升.尾反孕Qv,,金升b↗.0橅.Aa龙猪.再B,4,4,79,481,True
2007/8/17,3.66,3.66,7.14,b乙↗上39.A5,0橅.Aa龙猪.主,(升)人.孕孕vo,,金升b↗.0橅.Aa龙猪.主,5,5,80,482,True
2007/8/24,6.39,6.39,7.56,b乙↗上40.A6,0橅.Aa龙猪.主,升.尾连oQ.Q2,,金升b↗.0橅.Aa龙猪.主,6,6,81,483,True
2007/8/31,9.16,9.16,10.27,b乙↗上41.A7,0橅.Aa龙猪.主,升.尾连QQ.Q3,连3,金升b↗.0橅.Aa龙猪.主,7,7,82,484,True
2007/9/7,-8.39,-8.39,1.59,b乙↗上42.A8,0橅.Aa龙猪.主,升.尾反孕Qv,,金升b↗.0橅.Aa龙猪.主,8,8,83,485,True
2007/9/13,4.27,4.27,14.69,b乙↗上43.A9,0橅.Aa龙猪.主,(升)人.孕孕vo,,金升b↗.0橅.Aa龙猪.主,9,9,84,486,True
2007/9/21,-7.27,-7.27,1.67,b乙→中44.Y,5蛀.Be龙管根.主,跌.尾吞oV,,金升b→.5蛀.Be龙管根.主,-1,10,85,487,True
2007/9/28,16.18,16.18,18.3,b乙↗上45.I暂,4暂.Aa龙猪.主,(跌)人.吞吞oVO,高,金升b↗.4暂.Aa龙猪.主,1,11,86,488,True
2007/10/12,-8.16,-8.16,1.27,b乙↗上46.B2暂,4暂.Fd震正芽.主,(跌)人.吞吞oVOv,,金升b↗.4暂.Fd震正芽.主,2,12,87,489,True
2007/10/19,-2.76,-2.76,7.5,b乙→中47.Y暂,5暂.Fe震正根.主,跌.尾连vW.W2,,金升b→.5暂.Fe震正根.主,-1,13,88,490,True
2007/10/26,-8.5,-8.5,2.36,c丙↘下48.Z-2暂,5暂.Fe震正根.破,跌.尾连WW.W3,,金升c↘.被3v,-2,-1,89,491,True
2007/11/2,-2.07,-2.07,8.26,c丙↘下49.Z-3暂,5暂.Fe震正根.破,跌.尾连WW.W4,,金升c↘.被3v,-3,-2,90,492,True
2007/11/9,-2.99,-2.99,4.92,z丁↘忑-1.Z-4,9妩.__Aa龙猪._破,跌.尾连WW.W5,,嘘待z↘,-4,-3,-1,493,True
2007/11/15,-3.44,-3.44,-0.72,z丁↘忑-2.Z-5,9妩.__Aa龙猪._破,跌.尾连WW.W6,,嘘待z↘,-5,-4,-2,494,True
2007/11/23,-3.75,-3.75,5.25,z丁↘忑-3.Z-6,9妩.__Aa龙猪._初,跌.尾连WW.W7,,嘘待z↘,-6,-5,-3,495,True
2007/11/30,-1.75,-1.75,2.53,z丁↘忑-4.Z-7,9妩.__Aa龙猪._初,跌.尾连WW.W8,,嘘待z↘,-7,-6,-4,496,True
2007/12/7,6.55,6.55,7.14,z丁↘忑-5.Z-8,8姖.__Aa龙猪._初,(跌)人.连后吞WO,,嘘待z↘,-8,-7,-5,497,True
2007/12/14,0.74,0.74,4.28,z丁↘忑-6.Z-9,7姗.__Bd龙管杂._初,升.尾连OQ.Q2,,嘘待z↘,-9,-8,-6,498,True
2007/12/21,9.8,9.8,10.72,r己↗忐-7.I,4蛀.Df头负.再D,升.尾连QQ.Q3,连3,金升r↗.4蛀.Df头负.再D.口2i,1,1,1,499,True
2007/12/28,5.39,5.39,6.4,r己↗忐-8.B2,4蛀.Df头负.再D,升.尾连QQ.Q4,连4,金升r↗.4蛀.Df头负.再D.口2I,2,2,2,500,True
2008/1/4,11.66,11.66,15.97,a甲↗上1.B3,4蛀.Aa龙猪.再D,升.尾连QQ.Q5,高连5,金升a↗.4蛀.Aa龙猪.再D,3,3,3,501,True
2008/1/11,3,3,13.16,a甲↗上2.A4,0橅.Aa龙猪.再D,升.尾连QQ.Q6,宽连6,金升a↗.0橅.Aa龙猪.再D,4,4,4,502,True
2008/1/18,-1.67,-1.67,5.83,a甲↗上3.A5,0橅.Aa龙猪.再D,升.尾反孕Qv,,金升a↗.0橅.Aa龙猪.再D,5,5,5,503,True
2008/1/25,4.52,4.52,8.05,a甲↗上4.A6,0橅.Aa龙猪.再D,升.尾吞vO,,金升a↗.0橅.Aa龙猪.再D,6,6,6,504,True
2008/2/1,-13.38,-13.38,-1.35,b乙→中5.Y,5蛀.Fe震正根.主,(升)人.吞吞vOV,,金升b→.5蛀.Fe震正根.主,-1,7,7,505,True
2008/2/5,4.84,4.84,7.49,b乙→中6.Z-2,5蛀.Fe震正根.主,(升)人.吞吞vOVo,,金升b→.5蛀.Fe震正根.主,-2,8,8,506,True
2008/2/15,-1.34,-1.34,1.04,b乙→中7.Z-3,5蛀.Fe震正根.主,(人)人.孕孕vo,,金升b→.5蛀.Fe震正根.主,-3,9,9,507,True
2008/2/22,8.75,8.75,17.5,b乙↗上8.I暂,4暂.Fd震正芽.主,升.尾吞vO,高,金升b↗.4暂.Fd震正芽.主,1,10,10,508,True
2008/2/29,-0.83,-0.83,9.29,b乙↗上9.B2暂,4暂.Fd震正芽.主,升.尾反孕vOv,,金升b↗.4暂.Fd震正芽.主,2,11,11,509,True
2008/3/7,6.29,6.29,6.99,b乙↗上10.B3暂,4暂.Fd震正芽.主,升.尾吞vO,,金升b↗.4暂.Fd震正芽.主,3,12,12,510,True
2008/3/14,-18.03,-18.03,-0.26,c丙↘下11.Y暂,5暂.Fe震正根.破,(升)人.吞吞vOV,,金升c↘.被3v,-1,-1,13,511,True
2008/3/21,-8.03,-8.03,-0.64,z丁↘忑-1.Z-2暂,5暂.__Aa龙猪._破,跌.尾连VW.W2,,嘘待z↘,-2,-2,-1,512,True
2008/3/28,-5.58,-5.58,1.92,z丁↘忑-2.Z-3暂,5暂.__Aa龙猪._破,跌.尾连WW.W3,,嘘待z↘,-3,-3,-2,513,True
2008/4/3,-12.94,-12.94,-1.48,z丁↘忑-3.Z-4,9妩.__Aa龙猪._初,跌.尾连WW.W4,,尿降z↘,-4,-4,-3,514,True
2008/4/11,9.77,9.77,13.59,z丁↘忑-4.Z-5,9妩.__Aa龙猪._初,跌.尾反孕Wo,,尿降z↘,-5,-5,-4,515,True
2008/4/18,-0.97,-0.97,4.64,z丁↘忑-5.Z-6,9妩.__Aa龙猪._初,(跌)人.孕孕ov,,尿降z↘,-6,-6,-5,516,True
2008/4/25,8.01,8.01,11.72,z丁↘忑-6.Z-7,8姖.__Fa震正〇._初,升.尾吞vO,,尿降z↘,-7,-7,-6,517,True
2008/4/30,1.27,1.27,2.35,y戊↘忠-7.I,4蛀.__Fe震正根._初,升.尾连OQ.Q2,,尿降y↘,1,-8,-7,518,True
2008/5/9,-3.04,-3.04,4.64,y戊↘忑-8.Y暂,5暂.__Fa震正〇._主,升.尾反孕Qv,,尿降y↘,-1,-9,-8,519,True
2008/5/16,12.15,12.15,14.18,r己↗忐-9.I暂,4暂.__Fe震正根.储,升.尾吞vO,,嘘待r↗.4暂.__Fe震正根.储.魅6v,1,1,-9,520,True
2008/5/23,-8.21,-8.21,2.79,y戊↘忠-10.B2暂,4暂.__Fe震正根._再B,升.尾反孕vOv,,嘘待y↘,2,-1,-10,521,True
2008/5/30,1.43,1.43,2.86,y戊↘忠-11.B3暂,4暂.__Fe震正根._再B,(升)人.孕孕vo,,嘘待y↘,3,-2,-11,522,True
2008/6/6,-6.17,-6.17,5.64,y戊↘忑-12.Y暂,5暂.__Fa震正〇._再B,跌.尾吞oV,,尿降y↘,-1,-3,-12,523,True
2008/6/13,-24.44,-24.44,-4.89,y戊↘忑-13.Z-2暂,5暂.__Aa龙猪._再B,跌.尾连VW.W2,,尿降y↘,-2,-4,-13,524,True
2008/6/20,-8.21,-8.21,1.49,y戊↘忑-14.Z-3暂,5暂.__Aa龙猪._再B,跌.尾连WW.W3,,尿降y↘,-3,-5,-14,525,True
2008/6/27,28.18,28.18,37.13,y戊↘忑-15.Z-4,8姖.__Aa龙猪._主,(跌)人.连后吞WO,,尿降y↘,-4,-6,-15,526,True
2008/7/4,8.67,8.67,16.28,y戊↘忠-16.I,4蛀.__Be龙管根._主,升.尾连OQ.Q2,,尿降y↘,1,-7,-16,527,True
2008/7/11,-2.92,-2.92,11.09,y戊↘忠-17.B2,4蛀.__Fe震正根._主,升.尾反孕Qv,,尿降y↘,2,-8,-17,528,True
2008/7/18,12.83,12.83,16.03,r己↗忐-18.B3,4蛀.__Fe震正根.储,升.尾吞vO,,嘘待r↗.4蛀.__Fe震正根.储.魅6v,3,1,-18,529,True
2008/7/25,3.55,3.55,11.9,a甲↗上1.A4,0橅.Aa龙猪.储,升.尾连OQ.Q2,,金升a↗.0橅.Aa龙猪.储,4,2,1,530,True
2008/8/1,-7.2,-7.2,3.95,a甲↗上2.A5,1柜.Aa龙猪.储,(升)人.连后吞QV,,金升a↗.1柜.Aa龙猪.储,5,3,2,531,True
2008/8/8,-20.7,-20.7,2.03,z丁↘忑-1.Y,5蛀.__Fa震正〇._再C,跌.尾连VW.W2,,尿降z↘,-1,-1,-1,532,True
2008/8/15,-8.39,-8.39,0.7,z丁↘忑-2.Z-2,5蛀.__Fa震正〇._再C,跌.尾连WW.W3,,屎降z↘,-2,-2,-2,533,True
2008/8/22,-0.76,-0.76,7.12,z丁↘忑-3.Z-3,5蛀.__Fa震正〇._再C,跌.尾连WW.W4,,屎降z↘,-3,-3,-3,534,True
2008/8/29,-4.87,-4.87,3.59,z丁↘忑-4.Z-4,9妩.__Aa龙猪._再C,跌.尾连WW.W5,,屎降z↘,-4,-4,-4,535,True
2008/9/5,-15.09,-15.09,-0.81,z丁↘忑-5.Z-5,9妩.__Aa龙猪._主,跌.尾连WW.W6,,屎降z↘,-5,-5,-5,536,True
2008/9/12,-1.27,-1.27,2.22,z丁↘忑-6.Z-6,9妩.__Aa龙猪._主,跌.尾连WW.W7,,屎降z↘,-6,-6,-6,537,True
2008/9/19,3.22,3.22,3.22,z丁↘忑-7.Z-7,8姖.__Aa龙猪._主,(跌)人.连后吞WO,,屎降z↘,-7,-7,-7,538,True
2008/9/26,5.61,5.61,9.97,z丁↘忑-8.Z-8,7姗.__Bd龙管杂._主,升.尾连OQ.Q2,,屎降z↘,-8,-8,-8,539,True
2008/10/10,-19.76,-19.76,-0.29,z丁↘忑-9.Z-9,7姗.__Bd龙管杂._主,(升)人.连后吞QV,,屎降z↘,-9,-9,-9,540,True
2008/10/17,-12.13,-12.13,9.19,z丁↘忑-10.Z-10,7姗.__Bd龙管杂._主,跌.尾连VW.W2,,屎降z↘,-10,-10,-10,541,True
2008/10/24,-6.69,-6.69,7.95,z丁↘忑-11.Z-11,7姗.__Bd龙管杂._主,跌.尾连WW.W3,,屎降z↘,-11,-11,-11,542,True
2008/10/31,-15.25,-15.25,-2.69,z丁↘忑-12.Z-12,9妩.__Aa龙猪._主,跌.尾连WW.W4,,屎降z↘,-12,-12,-12,543,True
2008/11/7,4.23,4.23,4.23,z丁↘忑-13.Z-13,9妩.__Aa龙猪._主,跌.尾反孕Wo,,屎降z↘,-13,-13,-13,544,True
2008/11/14,21.83,21.83,22.84,z丁↘忑-14.Z-14,7姗.__Bd龙管杂._主,升.尾连oQ.Q2,,屎降z↘,-14,-14,-14,545,True
2008/11/21,-5.83,-5.83,6.25,z丁↘忑-15.Z-15,7姗.__Bd龙管杂._主,升.尾反孕Qv,,屎降z↘,-15,-15,-15,546,True
2008/11/28,-3.1,-3.1,10.62,z丁↘忑-16.Z-16,7姗.__Fa震正〇._主,跌.尾连vW.W2,,屎降z↘,-16,-16,-16,547,True
2008/12/5,16.89,16.89,21,y戊↘忠-17.I,4蛀.__Fe震正根._主,(跌)人.连后吞WO,,屎降y↘,1,-17,-17,548,True
2008/12/12,-5.86,-5.86,7.81,y戊↘忠-18.B2,4蛀.__Fe震正根._主,(跌)人.连后吞WOv,,屎降y↘,2,-18,-18,549,True
2008/12/19,7.47,7.47,11.2,y戊↘忠-19.B3,4蛀.__Fe震正根._主,(人)人.孕孕vo,,屎降y↘,3,-19,-19,550,True
2008/12/26,-12.74,-12.74,1.16,y戊↘忑-20.Y暂,5暂.__Fa震正〇._主,跌.尾吞oV,,屎降y↘,-1,-20,-20,551,True
2008/12/31,-3.98,-3.98,0,y戊↘忑-21.Z-2暂,5暂.__Fa震正〇._主,跌.尾连VW.W2,,屎降y↘,-2,-21,-21,552,True
2009/1/9,14.29,14.29,14.29,y戊↘忠-22.I暂,4暂.__Fe震正根._主,(跌)人.连后吞WO,,屎降y↘,1,-22,-22,553,True
2009/1/16,18.95,18.95,24.6,r己↗忐-23.B2暂,4暂.__Fe震正根.储,升.尾连OQ.Q2,,屎降r↗.4暂.__Fe震正根.储.魅6v,2,1,-23,554,True
2009/1/23,0,0,6.78,a甲↗上1.B3暂,4暂.__Ff震负.储,升.尾连QQ.Q3,,屎降a↗.4暂.__Ff震负.储.魅6w,3,2,-24,555,True
2009/2/6,16.95,16.95,18.31,a甲↗上2.A4,0橅.Aa龙猪.储,升.尾连QQ.Q4,宽高连4,唏待a↗.0橅.Aa龙猪.储,4,3,1,556,True
2009/2/13,24.93,24.93,28.41,a甲↗上3.A5,0橅.Aa龙猪.初,升.尾连QQ.Q5,宽高连5,银升a↗.0橅.Aa龙猪.初,5,4,2,557,True
2009/2/20,0,0,2.09,a甲↗上4.A6,0橅.Aa龙猪.初,升.尾连QQ.Q6,宽连6,银升a↗.0橅.Aa龙猪.初,6,5,3,558,True
2009/2/27,-10.9,-10.9,13.92,a甲↗上5.A7,1柜.Aa龙猪.初,(升)人.连后吞QV,宽,银升a↗.1柜.Aa龙猪.初,7,6,4,559,True
2009/3/6,8.33,8.33,19.01,a甲↗上6.A8,1柜.Aa龙猪.初,(升)人.连后吞QVo,宽高,银升a↗.1柜.Aa龙猪.初,8,7,5,560,True
2009/3/13,-2.88,-2.88,1.44,a甲↗上7.A9,1柜.Aa龙猪.初,(人)人.孕孕vo,宽,银升a↗.1柜.Aa龙猪.初,9,8,6,561,True
2009/3/20,16.83,16.83,18.56,a甲↗上8.A10,1柜.Fa震正〇.初,升.尾吞vO,高,银升a↗.1柜.Fa震正〇.初,10,9,7,562,True
2009/3/27,3.18,3.18,6.57,a甲↗上9.A11,0橅.Aa龙猪.初,升.尾连OQ.Q2,,银升a↗.0橅.Aa龙猪.初,11,10,8,563,True
2009/4/3,-4.72,-4.72,2.46,a甲↗上10.A12,1柜.Aa龙猪.主,(升)人.连后吞QV,,银升a↗.1柜.Aa龙猪.主,12,11,9,564,True
2009/4/10,3.02,3.02,4.74,a甲↗上11.A13,1柜.Aa龙猪.主,(升)人.连后吞QVo,,银升a↗.1柜.Aa龙猪.主,13,12,10,565,True
2009/4/17,1.26,1.26,10.04,a甲↗上12.A14,1柜.Aa龙猪.主,升.尾连oQ.Q2,,银升a↗.1柜.Aa龙猪.主,14,13,11,566,True
2009/4/24,-8.06,-8.06,4.34,b乙→中13.Y,5蛀.Be龙管根.主,(升)人.连后吞QV,,银升b→.5蛀.Be龙管根.主,-1,14,12,567,True
2009/4/30,1.8,1.8,4.04,b乙→中14.Z-2,5蛀.Be龙管根.主,(升)人.连后吞QVo,,银升b→.5蛀.Be龙管根.主,-2,15,13,568,True
2009/5/8,5.08,5.08,9.93,b乙↗上15.I暂,4暂.Fd震正芽.主,升.尾连oQ.Q2,,银升b↗.4暂.Fd震正芽.主,1,16,14,569,True
2009/5/14,-6.09,-6.09,1.05,b乙→中16.Y暂,5暂.Fe震正根.主,(升)人.连后吞QV,,银升b→.5暂.Fe震正根.主,-1,17,15,570,True
2009/5/22,13.42,13.42,14.54,b乙↗上17.I暂,4暂.Fd震正芽.主,(人)人.吞吞* VO,,银升b↗.4暂.Fd震正芽.主,1,18,16,571,True
2009/5/27,9.07,9.07,14.4,b乙↗上18.B2暂,4暂.Aa龙猪.主,升.尾连OQ.Q2,,银升b↗.4暂.Aa龙猪.主,2,19,17,572,True
2009/6/5,0.18,0.18,5.06,b乙↗上19.B3暂,4暂.Aa龙猪.主,升.尾连QQ.Q3,连3,金升b↗.4暂.Aa龙猪.主,3,20,18,573,True
2009/6/12,-4.15,-4.15,2.89,b乙↗上20.A4,1柜.Aa龙猪.主,(升)人.连后吞QV,,金升b↗.1柜.Aa龙猪.主,4,21,19,574,True
2009/6/19,8.1,8.1,11.49,b乙↗上21.A5,1柜.Aa龙猪.主,(人)人.吞吞* VO,,金升b↗.1柜.Aa龙猪.主,5,22,20,575,True
2009/6/26,-2.44,-2.44,0,b乙↗上22.A6,1柜.Aa龙猪.主,(人)人.吞吞* VO,,金升b↗.1柜.Aa龙猪.主,6,23,21,576,True
2009/7/3,4.82,4.82,4.82,b乙↗上23.A7,1柜.Aa龙猪.主,升.尾吞vO,,金升b↗.1柜.Aa龙猪.主,7,24,22,577,True
2009/7/10,3.75,3.75,5.62,b乙↗上24.A8,0橅.Aa龙猪.主,升.尾连OQ.Q2,,金升b↗.0橅.Aa龙猪.主,8,25,23,578,True
2009/7/17,0.16,0.16,4.76,b乙↗上25.A9,0橅.Aa龙猪.主,升.尾连QQ.Q3,连3,金升b↗.0橅.Aa龙猪.主,9,26,24,579,True
2009/7/24,1.48,1.48,7.05,b乙↗上26.A10,0橅.Aa龙猪.主,升.尾连QQ.Q4,连4,金升b↗.0橅.Aa龙猪.主,10,27,25,580,True
2009/7/31,11.47,11.47,11.47,b乙↗上27.A11,0橅.Aa龙猪.主,升.尾连QQ.Q5,连5,金升b↗.0橅.Aa龙猪.主,11,28,26,581,True
2009/8/7,-5.51,-5.51,3.04,b乙↗上28.A12,0橅.Aa龙猪.主,升.尾反孕Qv,,金升b↗.0橅.Aa龙猪.主,12,29,27,582,True
2009/8/14,-4.6,-4.6,2.76,b乙↗上29.A13,2栅.Bc龙管栅.主,跌.尾连vW.W2,,金升b↗.2栅.Bc龙管栅.主,13,30,28,583,True
2009/8/21,-2.73,-2.73,-0.8,b乙→中30.Y,5蛀.Be龙管根.主,跌.尾连WW.W3,,金升b→.5蛀.Be龙管根.主,-1,31,29,584,True
2009/8/28,5.79,5.79,9.42,b乙↗上31.I暂,4暂.Fd震正芽.主,(跌)人.连后吞WO,,金升b↗.4暂.Fd震正芽.主,1,32,30,585,True
2009/9/4,-0.31,-0.31,2.03,b乙↗上32.B2暂,4暂.Fd震正芽.主,(跌)人.连后吞WOv,,金升b↗.4暂.Fd震正芽.主,2,33,31,586,True
2009/9/11,2.19,2.19,6.27,b乙↗上33.B3暂,4暂.Fd震正芽.主,升.尾吞vO,,金升b↗.4暂.Fd震正芽.主,3,34,32,587,True
2009/9/18,-0.61,-0.61,7.67,b乙↗上34.A4,1柜.Fd震正芽.主,(升)人.吞吞vOV,,金升b↗.1柜.Fd震正芽.主,4,35,33,588,True
2009/9/25,-18.21,-18.21,-0.46,c丙↘下35.Y,5蛀.Fe震正根.破,跌.尾连VW.W2,,金升c↘.被3v,-1,-1,34,589,True
2009/9/30,-2.83,-2.83,4.34,z丁↘忑-1.Z-2,5蛀.__Aa龙猪._破,跌.尾连WW.W3,,嘘待z↘,-2,-2,-1,590,True
2009/10/9,6.21,6.21,6.8,z丁↘忑-2.Z-3,5蛀.__Aa龙猪._破,(跌)人.连后吞WO,,嘘待z↘,-3,-3,-2,591,True
2009/10/16,-0.91,-0.91,2.93,z丁↘忑-3.Z-4,8姖.__Aa龙猪._破,(跌)人.连后吞WOv,,嘘待z↘,-4,-4,-3,592,True
2009/10/23,4.43,4.43,5.9,z丁↘忑-4.Z-5,6娝.Ff震负.破,升.尾吞vO,,金升z↘.警3w,-5,-5,1,593,True
2009/10/30,-8.13,-8.13,-0.53,z丁↘忑-5.Z-6,6娝.__Fa震正〇._初,(升)人.吞吞vOV,,嘘待z↘,-6,-6,-1,594,True
2009/11/6,5.96,5.96,7.5,z丁↘忑-6.Z-7,8姖.__Fa震正〇._初,(升)人.吞吞vOVo,,嘘待z↘,-7,-7,-2,595,True
2009/11/13,2.72,2.72,2.72,y戊↘忠-7.I,4蛀.Ff震负.再D,升.尾连oQ.Q2,,金升y↘.警3u,1,-8,1,596,True
2009/11/20,5.12,5.12,6.71,r己↗忐-8.B2,4蛀.Df头负.再D,升.尾连QQ.Q3,连3,金升r↗.4蛀.Df头负.再D.口2I,2,1,2,597,True
2009/11/27,-10.59,-10.59,3.19,y戊↘忑-9.Y暂,5暂.__Fa震正〇._破,(升)人.连后吞QV,,嘘待y↘,-1,-1,-1,598,True
2009/12/4,5.83,5.83,9.4,y戊↘忠-10.I暂,4暂.Ff震负.再D,(升)人.连后吞QVo,,金升y↘.警3h,1,-2,1,599,True
2009/12/11,-2.31,-2.31,3.2,y戊↘忑-11.Y暂,5暂.__Fa震正〇._破,(人)人.孕孕vo,,嘘待y↘,-1,-3,-1,600,True
2009/12/18,-6.91,-6.91,0.55,y戊↘忑-12.Z-2暂,5暂.__Fa震正〇._初,跌.尾连vW.W2,,嘘待y↘,-2,-4,-2,601,True
2009/12/25,3.71,3.71,5.08,y戊↘忑-13.Z-3暂,5暂.__Fa震正〇._初,跌.尾反孕Wo,,嘘待y↘,-3,-5,-3,602,True
2009/12/31,0.56,0.56,1.88,y戊↘忑-14.Z-4,7姗.__Fa震正〇._初,升.尾连oQ.Q2,,嘘待y↘,-4,-6,-4,603,True
2010/1/8,0.94,0.94,3.93,y戊↘忑-15.Z-5,6娝.__Fa震正〇._初,升.尾连QQ.Q3,,嘘待y↘,-5,-7,-5,604,True
2010/1/15,9.46,9.46,12.99,r己↗忐-16.I,4蛀.Df头负.再D,升.尾连QQ.Q4,连4,金升r↗.4蛀.Df头负.再D.口2i,1,1,1,605,True
2010/1/22,-8.47,-8.47,3.73,y戊↘忠-17.B2,4蛀.__Fe震正根._初,(升)人.连后吞QV,,嘘待y↘,2,-1,-1,606,True
2010/1/29,-1.3,-1.3,1.48,y戊↘忑-18.Y暂,5暂.__Fa震正〇._初,跌.尾连VW.W2,,嘘待y↘,-1,-2,-2,607,True
2010/2/5,-3.75,-3.75,0.94,y戊↘忑-19.Z-2暂,5暂.__Aa龙猪._初,跌.尾连WW.W3,,尿降y↘,-2,-3,-3,608,True
2010/2/12,2.73,2.73,3.31,y戊↘忑-20.Z-3暂,5暂.__Aa龙猪._初,跌.尾反孕Wo,,嘘待y↘,-3,-4,-4,609,True
2010/2/26,0.95,0.95,2.09,y戊↘忑-21.Z-4,7姗.__Bd龙管杂._初,升.尾连oQ.Q2,,嘘待y↘,-4,-5,-5,610,True
2010/3/5,-0.19,-0.19,7.71,y戊↘忑-22.Z-5,7姗.__Fa震正〇._主,升.尾反孕Qv,,嘘待y↘,-5,-6,-6,611,True
2010/3/12,-2.64,-2.64,2.26,y戊↘忑-23.Z-6,7姗.__Fa震正〇._主,跌.尾连vW.W2,,尿降y↘,-6,-7,-7,612,True
2010/3/19,4.26,4.26,5.8,y戊↘忠-24.I,4蛀.__Fe震正根._主,(跌)人.连后吞WO,,嘘待y↘,1,-8,-8,613,True
2010/3/26,-1.3,-1.3,1.67,y戊↘忠-25.B2,4蛀.__Fe震正根._主,(跌)人.连后吞WOv,,嘘待y↘,2,-9,-9,614,True
2010/4/2,4.14,4.14,4.32,r己↗忐-26.B3,4蛀.Df头负.储,升.尾吞vO,,金升r↗.4蛀.Df头负.储.口1v,3,1,1,615,True
2010/4/9,-0.54,-0.54,0.54,a甲↗上1.A4,0橅.Dd头正芽.储,升.尾反孕vOv,,金升a↗.0橅.Dd头正芽.储,4,2,2,616,True
2010/4/16,1.09,1.09,5.08,a甲↗上2.A5,0橅.Aa龙猪.初,升.尾吞vO,,金升a↗.0橅.Aa龙猪.初,5,3,3,617,True
2010/4/21,5.39,5.39,7.36,a甲↗上3.A6,0橅.Aa龙猪.初,升.尾连OQ.Q2,,金升a↗.0橅.Aa龙猪.初,6,4,4,618,True
2010/4/30,-10.05,-10.05,-5.62,c丙↘下4.Y,5蛀.__Df头负._破,(升)人.连后吞QV,,嘘待c↘.逃4v,-1,-1,-1,619,True
2010/5/7,-8.9,-8.9,0.57,z丁↘忑-1.Z-2,5蛀.__Aa龙猪._初,跌.尾连VW.W2,,尿降z↘,-2,-2,-2,620,True
2010/5/14,-8.52,-8.52,2.91,z丁↘忑-2.Z-3,5蛀.__Aa龙猪._初,跌.尾连WW.W3,,尿降z↘,-3,-3,-3,621,True
2010/5/21,-9.32,-9.32,-1.59,z丁↘忑-3.Z-4,9妩.__Aa龙猪._初,跌.尾连WW.W4,,尿降z↘,-4,-4,-4,622,True
2010/5/28,19.8,19.8,22.06,z丁↘忑-4.Z-5,8姖.__Aa龙猪._初,(跌)人.连后吞WO,,尿降z↘,-5,-5,-5,623,True
2010/6/4,-3.56,-3.56,1.46,z丁↘忑-5.Z-6,8姖.__Aa龙猪._主,(跌)人.连后吞WOv,,尿降z↘,-6,-6,-6,624,True
2010/6/11,0.43,0.43,5.42,z丁↘忑-6.Z-7,8姖.__Fa震正〇._主,(人)人.孕孕vo,,屎降z↘,-7,-7,-7,625,True
2010/6/18,-6.91,-6.91,1.94,z丁↘忑-7.Z-8,8姖.__Fa震正〇._主,跌.尾吞oV,,屎降z↘,-8,-8,-8,626,True
2010/6/25,7.19,7.19,9.05,z丁↘忑-8.Z-9,9妩.__Fa震正〇._主,跌.尾反孕oVo,,屎降z↘,-9,-9,-9,627,True
2010/7/2,-16.67,-16.67,0,z丁↘忑-9.Z-10,9妩.__Aa龙猪._主,跌.尾吞oV,,屎降z↘,-10,-10,-10,628,True
2010/7/9,7.01,7.01,7.79,z丁↘忑-10.Z-11,9妩.__Aa龙猪._主,跌.尾反孕oVo,,屎降z↘,-11,-11,-11,629,True
2010/7/16,-5.58,-5.58,2.67,z丁↘忑-11.Z-12,9妩.__Aa龙猪._主,(跌)人.孕孕ov,,屎降z↘,-12,-12,-12,630,True
2010/7/23,8.74,8.74,12.6,z丁↘忑-12.Z-13,8姖.__Fa震正〇._主,升.尾吞vO,,屎降z↘,-13,-13,-13,631,True
2010/7/30,4.73,4.73,4.73,y戊↘忠-13.I,4蛀.__Fe震正根._主,升.尾连OQ.Q2,,屎降y↘,1,-14,-14,632,True
2010/8/6,3.84,3.84,4.06,r己↗忐-14.B2,4蛀.__Fe震正根.储,升.尾连QQ.Q3,,屎降r↗.4蛀.__Fe震正根.储.魅6v,2,1,-15,633,True
2010/8/13,-1.96,-1.96,1.74,r己↗忐-15.B3,4蛀.__Fe震正根.储,升.尾反孕Qv,,屎降r↗.4蛀.__Fe震正根.储.魅6v,3,2,-16,634,True
2010/8/20,6.21,6.21,11.75,a甲↗上1.A4,0橅.__Ff震负.储,升.尾吞vO,,屎降a↗.0橅.__Ff震负.储.魅6w,4,3,-17,635,True
2010/8/27,4.18,4.18,9.39,a甲↗上2.A5,0橅.Aa龙猪.储,升.尾连OQ.Q2,,唏待a↗.0橅.Aa龙猪.储,5,4,1,636,True
2010/9/2,9.82,9.82,11.82,a甲↗上3.A6,0橅.Aa龙猪.初,升.尾连QQ.Q3,连3,银升a↗.0橅.Aa龙猪.初,6,5,2,637,True
2010/9/10,4.93,4.93,7.66,a甲↗上4.A7,0橅.Aa龙猪.初,升.尾连QQ.Q4,连4,银升a↗.0橅.Aa龙猪.初,7,6,3,638,True
2010/9/17,-10.43,-10.43,1.57,a甲↗上5.A8,1柜.Aa龙猪.初,(升)人.连后吞QV,,银升a↗.1柜.Aa龙猪.初,8,7,4,639,True
2010/9/21,0.97,0.97,2.33,a甲↗上6.A9,1柜.Aa龙猪.初,(升)人.连后吞QVo,,银升a↗.1柜.Aa龙猪.初,9,8,5,640,True
2010/9/30,2.12,2.12,3.85,a甲↗上7.A10,1柜.Fa震正〇.初,升.尾连oQ.Q2,,银升a↗.1柜.Fa震正〇.初,10,9,6,641,True
2010/10/8,3.77,3.77,4.9,a甲↗上8.A11,1柜.Fa震正〇.初,升.尾连QQ.Q3,连3,银升a↗.1柜.Fa震正〇.初,11,10,7,642,True
2010/10/15,-3.27,-3.27,5.63,a甲↗上9.A12,1柜.Fa震正〇.主,(升)人.连后吞QV,,银升a↗.1柜.Fa震正〇.主,12,11,8,643,True
2010/10/22,2.81,2.81,6,a甲↗上10.A13,1柜.Fa震正〇.主,(升)人.连后吞QVo,,银升a↗.1柜.Fa震正〇.主,13,12,9,644,True
2010/10/29,7.48,7.48,13.32,a甲↗上11.A14,1柜.Aa龙猪.主,升.尾连oQ.Q2,,金升a↗.1柜.Aa龙猪.主,14,13,10,645,True
2010/11/5,-0.85,-0.85,10.19,a甲↗上12.A15,1柜.Aa龙猪.主,升.尾反孕Qv,,金升a↗.1柜.Aa龙猪.主,15,14,11,646,True
2010/11/12,-9.42,-9.42,5.14,b乙→中13.Y,5蛀.Be龙管根.主,跌.尾连vW.W2,,金升b→.5蛀.Be龙管根.主,-1,15,12,647,True
2010/11/19,-1.89,-1.89,2.65,c丙↘下14.Z-2,5蛀.Fe震正根.破,跌.尾连WW.W3,,金升c↘.被3v,-2,-1,13,648,True
2010/11/26,1.16,1.16,3.28,c丙↘下15.Z-3,5蛀.Fe震正根.破,跌.尾反孕Wo,,金升c↘.被3v,-3,-2,14,649,True
2010/12/3,-5.52,-5.52,2.67,z丁↘忑-1.Z-4,9妩.__Aa龙猪._破,跌.尾吞oV,,尿降z↘,-4,-3,-1,650,True
2010/12/10,-4.03,-4.03,1.41,z丁↘忑-2.Z-5,9妩.__Aa龙猪._初,跌.尾连VW.W2,,尿降z↘,-5,-4,-2,651,True
2010/12/17,2.1,2.1,6.93,z丁↘忑-3.Z-6,9妩.__Aa龙猪._初,跌.尾反孕Wo,,尿降z↘,-6,-5,-3,652,True
2010/12/24,-4.53,-4.53,4.12,z丁↘忑-4.Z-7,9妩.__Aa龙猪._初,跌.尾吞oV,,尿降z↘,-7,-6,-4,653,True
2010/12/31,-4.53,-4.53,1.51,z丁↘忑-5.Z-8,9妩.__Aa龙猪._初,跌.尾连VW.W2,,屎降z↘,-8,-7,-5,654,True
2011/1/7,0.9,0.9,2.48,z丁↘忑-6.Z-9,9妩.__Aa龙猪._初,跌.尾反孕Wo,,屎降z↘,-9,-8,-6,655,True
2011/1/14,-5.37,-5.37,-0.45,z丁↘忑-7.Z-10,9妩.__Aa龙猪._初,跌.尾吞oV,,屎降z↘,-10,-9,-7,656,True
2011/1/21,-6.86,-6.86,-0.71,z丁↘忑-8.Z-11,9妩.__Aa龙猪._初,跌.尾连VW.W2,,屎降z↘,-11,-10,-8,657,True
2011/1/28,4.31,4.31,4.57,z丁↘忑-9.Z-12,9妩.__Aa龙猪._主,跌.尾反孕Wo,,屎降z↘,-12,-11,-9,658,True
2011/2/1,-0.49,-0.49,0.73,z丁↘忑-10.Z-13,9妩.__Aa龙猪._主,(跌)人.孕孕ov,,屎降z↘,-13,-12,-10,659,True
2011/2/11,3.67,3.67,4.65,z丁↘忑-11.Z-14,8姖.__Fa震正〇._主,升.尾吞vO,,屎降z↘,-14,-13,-11,660,True
2011/2/18,4.25,4.25,7.31,y戊↘忠-12.I,4蛀.__Fe震正根._主,升.尾连OQ.Q2,,屎降y↘,1,-14,-12,661,True
2011/2/25,4.52,4.52,6.33,r己↗忐-13.B2,4蛀.__Fe震正根.储,升.尾连QQ.Q3,,屎降r↗.4蛀.__Fe震正根.储.魅6v,2,1,-13,662,True
2011/3/4,-0.22,-0.22,2.81,r己↗忐-14.B3,4蛀.__Fe震正根.储,升.尾反孕Qv,,屎降r↗.4蛀.__Fe震正根.储.魅6v,3,2,-14,663,True
2011/3/11,-1.95,-1.95,3.25,r己↗忐-15.A4,2栅.__Fe震正根.储,跌.尾连vW.W2,,屎降r↗.2栅.__Fe震正根.储.魅6v,4,3,-15,664,True
2011/3/18,0.66,0.66,5.09,r己↗忐-16.A5,2栅.__Fe震正根.储,跌.尾反孕Wo,,屎降r↗.2栅.__Fe震正根.储.魅6v,5,4,-16,665,True
2011/3/25,-1.32,-1.32,0.88,r己↗忐-17.A6,2栅.__Fe震正根.储,跌.尾吞oV,,屎降r↗.2栅.__Fe震正根.储.魅6v,6,5,-17,666,True
2011/4/1,-2.67,-2.67,3.56,y戊↘忑-18.Y,5蛀.__Fa震正〇._再B,跌.尾连VW.W2,,屎降y↘,-1,-1,-18,667,True
2011/4/8,3.89,3.89,5.03,r己↗忐-19.I暂,4暂.__Fe震正根.储,(跌)人.连后吞WO,,屎降r↗.4暂.__Fe震正根.储.魅6v,1,1,-19,668,True
2011/4/15,4.19,4.19,8.37,a甲↗上1.B2暂,4暂.Aa龙猪.储,升.尾连OQ.Q2,,唏待a↗.4暂.Aa龙猪.储,2,2,1,669,True
2011/4/22,3.81,3.81,6.77,a甲↗上2.B3暂,4暂.Aa龙猪.储,升.尾连QQ.Q3,连3,银升a↗.4暂.Aa龙猪.储,3,3,2,670,True
2011/4/29,-12.42,-12.42,-0.61,c丙↘下3.Y暂,5暂.__Df头负._再C,(升)人.连后吞QV,,屎降c↘.逃5I,-1,-1,-1,671,True
2011/5/6,-2.09,-2.09,0.47,z丁↘忑-1.Z-2暂,5暂.__Aa龙猪._再C,跌.尾连VW.W2,,屎降z↘,-2,-2,-2,672,True
2011/5/13,0.48,0.48,4.04,z丁↘忑-2.Z-3暂,5暂.__Aa龙猪._再C,跌.尾反孕Wo,,屎降z↘,-3,-3,-3,673,True
2011/5/20,-2.6,-2.6,1.65,z丁↘忑-3.Z-4,9妩.__Aa龙猪._再C,跌.尾吞oV,,屎降z↘,-4,-4,-4,674,True
2011/5/27,-7.77,-7.77,0.97,z丁↘忑-4.Z-5,9妩.__Aa龙猪._再C,跌.尾连VW.W2,,屎降z↘,-5,-5,-5,675,True
2011/6/3,2.63,2.63,4.74,z丁↘忑-5.Z-6,9妩.__Aa龙猪._主,跌.尾反孕Wo,,屎降z↘,-6,-6,-6,676,True
2011/6/10,-2.82,-2.82,2.05,z丁↘忑-6.Z-7,9妩.__Aa龙猪._主,跌.尾吞oV,,屎降z↘,-7,-7,-7,677,True
2011/6/17,-2.64,-2.64,3.96,z丁↘忑-7.Z-8,9妩.__Aa龙猪._主,跌.尾连VW.W2,,屎降z↘,-8,-8,-8,678,True
2011/6/24,2.44,2.44,3.25,z丁↘忑-8.Z-9,8姖.__Aa龙猪._主,(跌)人.连后吞WO,,屎降z↘,-9,-9,-9,679,True
2011/7/1,5.29,5.29,9.52,y戊↘忠-9.I,4蛀.__Be龙管根._主,升.尾连OQ.Q2,,屎降y↘,1,-10,-10,680,True
2011/7/8,7.29,7.29,14.32,r己↗忐-10.B2,4蛀.__Fe震正根.储,升.尾连QQ.Q3,,屎降r↗.4蛀.__Fe震正根.储.魅6v,2,1,-11,681,True
2011/7/15,-1.87,-1.87,1.87,r己↗忐-11.B3,4蛀.__Fe震正根.储,升.尾反孕Qv,,屎降r↗.4蛀.__Fe震正根.储.魅6v,3,2,-12,682,True
2011/7/22,-3.1,-3.1,2.15,r己↗忐-12.A4,2栅.__Fe震正根.储,跌.尾连vW.W2,,屎降r↗.2栅.__Fe震正根.储.魅6v,4,3,-13,683,True
2011/7/29,-5.91,-5.91,-0.74,y戊↘忑-13.Y,5蛀.__Fa震正〇._再B,跌.尾连WW.W3,,屎降y↘,-1,-1,-14,684,True
2011/8/5,-2.36,-2.36,3.14,y戊↘忑-14.Z-2,5蛀.__Fa震正〇._再B,跌.尾连WW.W4,,屎降y↘,-2,-2,-15,685,True
2011/8/12,-3.49,-3.49,0,y戊↘忑-15.Z-3,5蛀.__Aa龙猪._再B,跌.尾连WW.W5,,屎降y↘,-3,-3,-16,686,True
2011/8/19,0.83,0.83,10,y戊↘忑-16.Z-4,9妩.__Aa龙猪._再B,跌.尾反孕Wo,,屎降y↘,-4,-4,-17,687,True
2011/8/26,5.79,5.79,6.89,y戊↘忑-17.Z-5,7姗.__Bd龙管杂._主,升.尾连oQ.Q2,,屎降y↘,-5,-5,-18,688,True
2011/9/2,-5.47,-5.47,-0.26,y戊↘忑-18.Z-6,7姗.__Fa震正〇._主,升.尾反孕Qv,,屎降y↘,-6,-6,-19,689,True
2011/9/9,0.28,0.28,2.2,y戊↘忑-19.Z-7,7姗.__Fa震正〇._主,(升)人.孕孕vo,,屎降y↘,-7,-7,-20,690,True
2011/9/16,-0.27,-0.27,1.92,y戊↘忑-20.Z-8,7姗.__Fa震正〇._主,(人)人.孕孕vo,,屎降y↘,-8,-8,-21,691,True
2011/9/23,-3.86,-3.86,1.65,y戊↘忑-21.Z-9,9妩.__Fa震正〇._主,跌.尾连vW.W2,,屎降y↘,-9,-9,-22,692,True
2011/9/30,-5.16,-5.16,0.57,y戊↘忑-22.Z-10,9妩.__Aa龙猪._主,跌.尾连WW.W3,,屎降y↘,-10,-10,-23,693,True
2011/10/14,3.02,3.02,5.14,y戊↘忑-23.Z-11,9妩.__Aa龙猪._主,跌.尾反孕Wo,,屎降y↘,-11,-11,-24,694,True
2011/10/21,-8.8,-8.8,2.93,y戊↘忑-24.Z-12,9妩.__Aa龙猪._主,跌.尾吞oV,,屎降y↘,-12,-12,-25,695,True
2011/10/28,9.65,9.65,14.15,y戊↘忑-25.Z-13,8姖.__Aa龙猪._主,(跌)人.吞吞oVO,,屎降y↘,-13,-13,-26,696,True
2011/11/4,3.52,3.52,8.21,y戊↘忠-26.I,4蛀.__Be龙管根._主,升.尾连OQ.Q2,,屎降y↘,1,-14,-27,697,True
2011/11/11,-0.85,-0.85,2.27,y戊↘忠-27.B2,4蛀.__Be龙管根._主,升.尾反孕Qv,,屎降y↘,2,-15,-28,698,True
2011/11/18,-5.43,-5.43,5.14,y戊↘忑-28.Y暂,5暂.__Fa震正〇._主,跌.尾连vW.W2,,屎降y↘,-1,-16,-29,699,True
2011/11/25,-2.42,-2.42,1.51,y戊↘忑-29.Z-2暂,5暂.__Fa震正〇._主,跌.尾连WW.W3,,屎降y↘,-2,-17,-30,700,True
2011/12/2,-2.17,-2.17,2.48,y戊↘忑-30.Z-3暂,5暂.__Fa震正〇._主,跌.尾连WW.W4,,屎降y↘,-3,-18,-31,701,True
2011/12/9,-2.85,-2.85,0.32,y戊↘忑-31.Z-4,9妩.__Aa龙猪._主,跌.尾连WW.W5,,屎降y↘,-4,-19,-32,702,True
2011/12/16,-9.45,-9.45,0.65,y戊↘忑-32.Z-5,9妩.__Aa龙猪._主,跌.尾连WW.W6,,屎降y↘,-5,-20,-33,703,True
2011/12/23,-6.47,-6.47,1.8,y戊↘忑-33.Z-6,9妩.__Aa龙猪._主,跌.尾连WW.W7,,屎降y↘,-6,-21,-34,704,True
2011/12/30,-3.85,-3.85,1.15,y戊↘忑-34.Z-7,9妩.__Aa龙猪._主,跌.尾连WW.W8,,屎降y↘,-7,-22,-35,705,True
2012/1/6,-4.8,-4.8,1.6,y戊↘忑-35.Z-8,9妩.__Aa龙猪._主,跌.尾连WW.W9,,屎降y↘,-8,-23,-36,706,True
2012/1/13,5.04,5.04,12.61,y戊↘忑-36.Z-9,9妩.__Aa龙猪._主,跌.尾反孕Wo,,屎降y↘,-9,-24,-37,707,True
2012/1/20,3.6,3.6,6,y戊↘忑-37.Z-10,7姗.__Bd龙管杂._主,升.尾连oQ.Q2,,屎降y↘,-10,-25,-38,708,True
2012/2/3,1.54,1.54,2.7,y戊↘忑-38.Z-11,6娝.__Fa震正〇._主,升.尾连QQ.Q3,,屎降y↘,-11,-26,-39,709,True
2012/2/10,3.8,3.8,4.56,y戊↘忠-39.I,4蛀.__Fe震正根._主,升.尾连QQ.Q4,,屎降y↘,1,-27,-40,710,True
2012/2/17,1.47,1.47,5.13,y戊↘忠-40.B2,4蛀.__Fe震正根._主,升.尾连QQ.Q5,,屎降y↘,2,-28,-41,711,True
2012/2/24,4.33,4.33,4.69,r己↗忐-41.B3,4蛀.__Fe震正根.储,升.尾连QQ.Q6,,屎降r↗.4蛀.__Fe震正根.储.魅6v,3,1,-42,712,True
2012/3/2,2.42,2.42,3.81,r己↗忐-42.A4,0橅.__Fe震正根.储,升.尾连QQ.Q7,,屎降r↗.0橅.__Fe震正根.储.魅6v,4,2,-43,713,True
2012/3/9,2.03,2.03,2.7,a甲↗上1.A5,0橅.__Ff震负.储,升.尾连QQ.Q8,,屎降a↗.0橅.__Ff震负.储.魅6w,5,3,-44,714,True
2012/3/16,5.96,5.96,6.62,a甲↗上2.A6,0橅.Aa龙猪.储,升.尾连QQ.Q9,连9,唏待a↗.0橅.Aa龙猪.储,6,4,1,715,True
2012/3/23,-4.06,-4.06,3.75,a甲↗上3.A7,0橅.Aa龙猪.储,升.尾反孕Qv,,唏待a↗.0橅.Aa龙猪.储,7,5,2,716,True
2012/3/30,-2.28,-2.28,3.58,a甲↗上4.A8,2栅.__Ff震负.储,跌.尾连vW.W2,,屎降a↗.2栅.__Ff震负.储.魅6w,8,6,-1,717,True
2012/4/6,3,3,9.33,a甲↗上5.A9,2栅.__Ff震负.储,(跌)人.连后吞WO,,屎降a↗.2栅.__Ff震负.储.魅6w,9,7,-2,718,True
2012/4/13,-6.15,-6.15,-0.97,c丙↘下6.Y,5蛀.__Df头负._再C,(人)人.吞吞* OV,,屎降c↘.逃5I,-1,-1,-3,719,True
2012/4/20,3.79,3.79,5.17,b乙→中7.Z-2,5蛀.__Ff震负._再C,(人)人.吞吞* OV,,屎降b→.5蛀.__Ff震负._再C.魅6h,-2,1,-4,720,True
2012/4/27,-5.32,-5.32,0.66,c丙↘下8.Z-3,5蛀.__Df头负._再C,跌.尾吞oV,,屎降c↘.逃5I,-3,-1,-5,721,True
2012/5/4,4.56,4.56,6.32,c丙↘下9.Z-4,9妩.__Df头负._再C,跌.尾反孕oVo,,屎降c↘.逃5I,-4,-2,-6,722,True
2012/5/11,-3.36,-3.36,1.34,z丁↘忑-1.Z-5,9妩.__Fa震正〇._再C,跌.尾吞oV,,屎降z↘,-5,-3,-7,723,True
2012/5/18,-4.86,-4.86,0.69,z丁↘忑-2.Z-6,9妩.__Aa龙猪._再C,跌.尾连VW.W2,,屎降z↘,-6,-4,-8,724,True
2012/5/25,-2.92,-2.92,2.19,z丁↘忑-3.Z-7,9妩.__Aa龙猪._再C,跌.尾连WW.W3,,屎降z↘,-7,-5,-9,725,True
2012/6/1,1.88,1.88,3.38,z丁↘忑-4.Z-8,9妩.__Aa龙猪._再C,跌.尾反孕Wo,,屎降z↘,-8,-6,-10,726,True
2012/6/8,-3.69,-3.69,-1.48,z丁↘忑-5.Z-9,9妩.__Aa龙猪._主,跌.尾吞oV,,屎降z↘,-9,-7,-11,727,True
2012/6/15,0.77,0.77,1.53,z丁↘忑-6.Z-10,9妩.__Aa龙猪._主,跌.尾反孕oVo,,屎降z↘,-10,-8,-12,728,True
2012/6/21,-2.28,-2.28,0.76,z丁↘忑-7.Z-11,9妩.__Aa龙猪._主,跌.尾吞oV,,屎降z↘,-11,-9,-13,729,True
2012/6/29,-2.33,-2.33,0,z丁↘忑-8.Z-12,9妩.__Aa龙猪._主,跌.尾连VW.W2,,屎降z↘,-12,-10,-14,730,True
2012/7/6,2.79,2.79,3.19,z丁↘忑-9.Z-13,8姖.__Aa龙猪._主,(跌)人.连后吞WO,,屎降z↘,-13,-11,-15,731,True
2012/7/13,1.55,1.55,3.88,z丁↘忑-10.Z-14,7姗.__Bd龙管杂._主,升.尾连OQ.Q2,,屎降z↘,-14,-12,-16,732,True
2012/7/20,0.76,0.76,1.53,y戊↘忠-11.I,4蛀.__Fe震正根._主,升.尾连QQ.Q3,,屎降y↘,1,-13,-17,733,True
2012/7/27,-2.65,-2.65,1.14,y戊↘忑-12.Y暂,5暂.__Fa震正〇._主,(升)人.连后吞QV,,屎降y↘,-1,-14,-18,734,True
2012/8/3,-1.95,-1.95,0.39,y戊↘忑-13.Z-2暂,5暂.__Fa震正〇._主,跌.尾连VW.W2,,屎降y↘,-2,-15,-19,735,True
2012/8/10,3.57,3.57,4.37,y戊↘忠-14.I暂,4暂.__Fe震正根._主,(跌)人.连后吞WO,,屎降y↘,1,-16,-20,736,True
2012/8/17,-1.53,-1.53,0.38,y戊↘忑-15.Y暂,5暂.__Fa震正〇._主,(跌)人.连后吞WOv,,屎降y↘,-1,-17,-21,737,True
2012/8/24,-2.72,-2.72,1.17,y戊↘忑-16.Z-2暂,5暂.__Fa震正〇._主,跌.尾连vW.W2,,屎降y↘,-2,-18,-22,738,True
2012/8/31,-6.4,-6.4,0.8,y戊↘忑-17.Z-3暂,5暂.__Aa龙猪._主,跌.尾连WW.W3,,屎降y↘,-3,-19,-23,739,True
2012/9/7,5.56,5.56,6.84,y戊↘忑-18.Z-4,9妩.__Aa龙猪._主,跌.尾反孕Wo,,屎降y↘,-4,-20,-24,740,True
2012/9/14,-0.81,-0.81,1.62,y戊↘忑-19.Z-5,9妩.__Aa龙猪._主,(跌)人.孕孕ov,,屎降y↘,-5,-21,-25,741,True
2012/9/21,-5.31,-5.31,0.82,y戊↘忑-20.Z-6,9妩.__Aa龙猪._主,跌.尾连vW.W2,,屎降y↘,-6,-22,-26,742,True
2012/9/28,1.72,1.72,2.16,y戊↘忑-21.Z-7,9妩.__Aa龙猪._主,跌.尾反孕Wo,,屎降y↘,-7,-23,-27,743,True
2012/10/12,2.12,2.12,3.81,y戊↘忑-22.Z-8,7姗.__Bd龙管杂._主,升.尾连oQ.Q2,,屎降y↘,-8,-24,-28,744,True
2012/10/19,0,0,1.24,y戊↘忑-23.Z-9,6娝.__Bc龙管栅._主,升.尾连QQ.Q3,,屎降y↘,-9,-25,-29,745,True
2012/10/26,-4.56,-4.56,0.41,y戊↘忑-24.Z-10,6娝.__Fa震正〇._主,(升)人.连后吞QV,,屎降y↘,-10,-26,-30,746,True
2012/11/2,2.61,2.61,3.04,y戊↘忑-25.Z-11,6娝.__Fa震正〇._主,(升)人.连后吞QVo,,屎降y↘,-11,-27,-31,747,True
2012/11/9,-2.97,-2.97,0.42,y戊↘忑-26.Z-12,7姗.__Fa震正〇._主,跌.尾吞oV,,屎降y↘,-12,-28,-32,748,True
2012/11/16,-4.8,-4.8,2.62,y戊↘忑-27.Z-13,9妩.__Aa龙猪._主,跌.尾连VW.W2,,屎降y↘,-13,-29,-33,749,True
2012/11/23,0,0,0.92,y戊↘忑-28.Z-14,9妩.__Aa龙猪._主,跌.尾反孕Wo,,屎降y↘,-14,-30,-34,750,True
2012/11/30,-5.05,-5.05,0.46,y戊↘忑-29.Z-15,9妩.__Aa龙猪._主,跌.尾吞oV,,屎降y↘,-15,-31,-35,751,True
2012/12/7,1.45,1.45,1.93,y戊↘忑-30.Z-16,9妩.__Aa龙猪._主,跌.尾反孕oVo,,屎降y↘,-16,-32,-36,752,True
2012/12/14,6.19,6.19,6.19,y戊↘忠-31.I,4蛀.__Be龙管根._主,升.尾连oQ.Q2,,屎降y↘,1,-33,-37,753,True
2012/12/21,-1.35,-1.35,1.35,y戊↘忠-32.B2,4蛀.__Be龙管根._主,升.尾反孕Qv,,屎降y↘,2,-34,-38,754,True
2012/12/28,2.73,2.73,4.55,y戊↘忠-33.B3,4蛀.__Fe震正根._主,升.尾吞vO,,屎降y↘,3,-35,-39,755,True
2013/1/4,0.88,0.88,2.21,r己↗忐-34.A4,0橅.__Fe震正根.储,升.尾连OQ.Q2,,屎降r↗.0橅.__Fe震正根.储.魅6v,4,1,-40,756,True
2013/1/11,-0.88,-0.88,5.26,r己↗忐-35.A5,1柜.__Fe震正根.储,(升)人.连后吞QV,,屎降r↗.1柜.__Fe震正根.储.魅6v,5,2,-41,757,True
2013/1/18,3.1,3.1,5.75,r己↗忐-36.A6,1柜.__Fe震正根.储,(人)人.吞吞* VO,,屎降r↗.1柜.__Fe震正根.储.魅6v,6,3,-42,758,True
2013/1/25,1.72,1.72,3.43,a甲↗上1.A7,1柜.__Ff震负.储,升.尾连OQ.Q2,,屎降a↗.1柜.__Ff震负.储.魅6w,7,4,-43,759,True
2013/2/1,2.11,2.11,4.64,a甲↗上2.A8,1柜.Aa龙猪.储,升.尾连QQ.Q3,连3,唏待a↗.1柜.Aa龙猪.储,8,5,1,760,True
2013/2/8,2.07,2.07,4.55,a甲↗上3.A9,0橅.Aa龙猪.储,升.尾连QQ.Q4,连4,唏待a↗.0橅.Aa龙猪.储,9,6,2,761,True
2013/2/22,-6.48,-6.48,2.02,b乙→中4.Y,5蛀.__Ff震负._再C,(升)人.连后吞QV,,屎降b→.5蛀.__Ff震负._再C.魅6h,-1,7,-1,762,True
2013/3/1,1.3,1.3,1.73,b乙→中5.Z-2,5蛀.__Ff震负._再C,(升)人.连后吞QVo,,屎降b→.5蛀.__Ff震负._再C.魅6h,-2,8,-2,763,True
2013/3/8,0.85,0.85,4.27,b乙→中6.Z-3,5蛀.__Ff震负._再C,升.尾连oQ.Q2,,屎降b→.5蛀.__Ff震负._再C.魅6h,-3,9,-3,764,True
2013/3/15,-5.08,-5.08,0.42,c丙↘下7.Z-4,7姗.__Df头负._再C,(升)人.连后吞QV,,屎降c↘.逃5I,-4,-1,-4,765,True
2013/3/22,3.12,3.12,4.02,c丙↘下8.Z-5,7姗.__Df头负._再C,(升)人.连后吞QVo,,屎降c↘,-5,-2,-5,766,True
2013/3/29,-5.19,-5.19,0.87,z丁↘忑-1.Z-6,7姗.__Bd龙管杂._再C,跌.尾吞oV,,屎降z↘,-6,-3,-6,767,True
2013/4/3,-0.46,-0.46,1.37,z丁↘忑-2.Z-7,9妩.__Aa龙猪._再C,跌.尾连VW.W2,,屎降z↘,-7,-4,-7,768,True
2013/4/12,0.46,0.46,3.67,z丁↘忑-3.Z-8,8姖.__Aa龙猪._再C,(跌)人.连后吞WO,,屎降z↘,-8,-5,-8,769,True
2013/4/19,-0.46,-0.46,0,z丁↘忑-4.Z-9,8姖.__Aa龙猪._再C,(跌)人.连后吞WOv,,屎降z↘,-9,-6,-9,770,True
2013/4/26,-5.05,-5.05,0.46,z丁↘忑-5.Z-10,8姖.__Aa龙猪._主,跌.尾连vW.W2,,屎降z↘,-10,-7,-10,771,True
2013/5/3,5.8,5.8,8.7,z丁↘忑-6.Z-11,6娝.__Bc龙管栅._主,(跌)人.连后吞WO,,屎降z↘,-11,-8,-11,772,True
2013/5/10,6.39,6.39,8.22,r己↗忐-7.I,4蛀.__Fe震正根.储,升.尾连OQ.Q2,,屎降r↗.4蛀.__Fe震正根.储.魅6v,1,1,-12,773,True
2013/5/17,3,3,3.86,a甲↗上1.B2,4蛀.Aa龙猪.储,升.尾连QQ.Q3,连3,唏待a↗.4蛀.Aa龙猪.储,2,2,1,774,True
2013/5/24,2.92,2.92,3.75,a甲↗上2.B3,4蛀.Aa龙猪.初,升.尾连QQ.Q4,连4,唏待a↗.4蛀.Aa龙猪.初,3,3,2,775,True
2013/5/31,-2.43,-2.43,2.43,a甲↗上3.A4,0橅.Aa龙猪.初,升.尾反孕Qv,,唏待a↗.0橅.Aa龙猪.初,4,4,3,776,True
2013/6/7,4.56,4.56,9.13,a甲↗上4.A5,0橅.Aa龙猪.初,升.尾吞vO,,唏待a↗.0橅.Aa龙猪.初,5,5,4,777,True
2013/6/14,3.97,3.97,3.97,a甲↗上5.A6,0橅.Aa龙猪.初,升.尾连OQ.Q2,,银升a↗.0橅.Aa龙猪.初,6,6,5,778,True
2013/6/21,2.29,2.29,7.25,a甲↗上6.A7,0橅.Aa龙猪.初,升.尾连QQ.Q3,连3,银升a↗.0橅.Aa龙猪.初,7,7,6,779,True
2013/6/28,-8.96,-8.96,0.37,b乙→中7.Y,5蛀.Be龙管根.初,(升)人.连后吞QV,,唏待b→.5蛀.Be龙管根.初,-1,8,7,780,True
2013/7/5,9.02,9.02,14.75,b乙↗上8.I暂,4暂.Aa龙猪.主,(升)人.连后吞QVo,,银升b↗.4暂.Aa龙猪.主,1,9,8,781,True
2013/7/12,1.13,1.13,6.77,b乙↗上9.B2暂,4暂.Aa龙猪.主,升.尾连oQ.Q2,,银升b↗.4暂.Aa龙猪.主,2,10,9,782,True
2013/7/19,0.37,0.37,7.43,b乙↗上10.B3暂,4暂.Aa龙猪.主,升.尾连QQ.Q3,连3,银升b↗.4暂.Aa龙猪.主,3,11,10,783,True
2013/7/26,-1.48,-1.48,6.3,b乙↗上11.A4,1柜.Aa龙猪.主,(升)人.连后吞QV,,银升b↗.1柜.Aa龙猪.主,4,12,11,784,True
2013/8/2,1.13,1.13,3.01,b乙↗上12.A5,1柜.Aa龙猪.主,(人)人.吞吞* VO,,银升b↗.1柜.Aa龙猪.主,5,13,12,785,True
2013/8/9,-2.23,-2.23,2.97,b乙→中13.Y,5蛀.Fe震正根.主,(人)人.吞吞* VO,,银升b→.5蛀.Fe震正根.主,-1,14,13,786,True
2013/8/16,-1.14,-1.14,5.32,b乙→中14.Z-2,5蛀.Fe震正根.主,跌.尾连vW.W2,,银升b→.5蛀.Fe震正根.主,-2,15,14,787,True
2013/8/23,5,5,5.77,b乙↗上15.I暂,4暂.Fd震正芽.主,(跌)人.连后吞WO,,银升b↗.4暂.Fd震正芽.主,1,16,15,788,True
2013/8/30,-4.03,-4.03,2.93,b乙→中16.Y暂,5暂.Fe震正根.主,(跌)人.连后吞WOv,,银升b→.5暂.Fe震正根.主,-1,17,16,789,True
2013/9/6,1.91,1.91,3.82,b乙↗上17.I暂,4暂.Fd震正芽.主,(人)人.孕孕vo,,银升b↗.4暂.Fd震正芽.主,1,18,17,790,True
2013/9/13,4.87,4.87,5.99,b乙↗上18.B2暂,4暂.Fd震正芽.主,升.尾连oQ.Q2,,银升b↗.4暂.Fd震正芽.主,2,19,18,791,True
2013/9/18,-0.36,-0.36,1.79,b乙↗上19.B3暂,4暂.Fd震正芽.主,升.尾反孕Qv,,银升b↗.4暂.Fd震正芽.主,3,20,19,792,True
2013/9/27,1.08,1.08,6.45,b乙↗上20.A4,0橅.Aa龙猪.主,升.尾吞vO,,银升b↗.0橅.Aa龙猪.主,4,21,20,793,True
2013/9/30,5.32,5.32,7.09,b乙↗上21.A5,0橅.Aa龙猪.主,升.尾连OQ.Q2,,金升b↗.0橅.Aa龙猪.主,5,22,21,794,True
2013/10/11,1.01,1.01,5.39,b乙↗上22.A6,0橅.Aa龙猪.主,升.尾连QQ.Q3,连3,金升b↗.0橅.Aa龙猪.主,6,23,22,795,True
2013/10/18,-6.33,-6.33,0.67,b乙↗上23.A7,1柜.Aa龙猪.主,(升)人.连后吞QV,,金升b↗.1柜.Aa龙猪.主,7,24,23,796,True
2013/10/25,-6.05,-6.05,3.2,c丙↘下24.Y,5蛀.Fe震正根.破,跌.尾连VW.W2,,金升c↘.被3v,-1,-1,24,797,True
2013/11/1,-3.03,-3.03,1.89,c丙↘下25.Z-2,5蛀.__Df头负._破,跌.尾连WW.W3,,尿降c↘.逃4v,-2,-2,-1,798,True
2013/11/8,-6.64,-6.64,1.17,z丁↘忑-1.Z-3,5蛀.__Aa龙猪._破,跌.尾连WW.W4,,尿降z↘,-3,-3,-2,799,True
2013/11/15,5.02,5.02,6.28,z丁↘忑-2.Z-4,9妩.__Aa龙猪._初,跌.尾反孕Wo,,尿降z↘,-4,-4,-3,800,True
2013/11/22,2.39,2.39,7.17,z丁↘忑-3.Z-5,7姗.__Bd龙管杂._初,升.尾连oQ.Q2,,尿降z↘,-5,-5,-4,801,True
2013/11/29,0.78,0.78,3.89,z丁↘忑-4.Z-6,6娝.__Fa震正〇._初,升.尾连QQ.Q3,,尿降z↘,-6,-6,-5,802,True
2013/12/6,0,0,1.54,y戊↘忠-5.I,4蛀.__Fe震正根._初,升.尾连QQ.Q4,,尿降y↘,1,-7,-6,803,True
2013/12/13,-3.47,-3.47,0.77,y戊↘忑-6.Y暂,5暂.__Fa震正〇._初,(升)人.连后吞QV,,尿降y↘,-1,-8,-7,804,True
2013/12/20,-6.4,-6.4,0.4,y戊↘忑-7.Z-2暂,5暂.__Aa龙猪._初,跌.尾连VW.W2,,屎降y↘,-2,-9,-8,805,True
2013/12/27,2.14,2.14,2.99,y戊↘忑-8.Z-3暂,5暂.__Aa龙猪._初,跌.尾反孕Wo,,屎降y↘,-3,-10,-9,806,True
2014/1/3,0.84,0.84,1.26,y戊↘忑-9.Z-4,7姗.__Bd龙管杂._初,升.尾连oQ.Q2,,屎降y↘,-4,-11,-10,807,True
2014/1/10,-7.88,-7.88,-0.41,y戊↘忑-10.Z-5,7姗.__Bd龙管杂._初,(升)人.连后吞QV,,屎降y↘,-5,-12,-11,808,True
2014/1/17,0.45,0.45,4.95,y戊↘忑-11.Z-6,7姗.__Bd龙管杂._主,(升)人.连后吞QVo,,屎降y↘,-6,-13,-12,809,True
2014/1/24,7.17,7.17,9.42,y戊↘忑-12.Z-7,6娝.__Bc龙管栅._主,升.尾连oQ.Q2,,屎降y↘,-7,-14,-13,810,True
2014/1/30,1.26,1.26,1.67,y戊↘忠-13.I,4蛀.__Be龙管根._主,升.尾连QQ.Q3,,屎降y↘,1,-15,-14,811,True
2014/2/7,3.72,3.72,4.55,r己↗忐-14.B2,4蛀.__Fe震正根.储,升.尾连QQ.Q4,,屎降r↗.4蛀.__Fe震正根.储.魅6v,2,1,-15,812,True
2014/2/14,3.98,3.98,7.17,r己↗忐-15.B3,4蛀.Df头负.储,升.尾连QQ.Q5,连5,银升r↗.4蛀.Df头负.储.口1v,3,2,1,813,True
2014/2/21,0,0,5.36,a甲↗上1.A4,0橅.Aa龙猪.储,升.尾连QQ.Q6,连6,银升a↗.0橅.Aa龙猪.储,4,3,2,814,True
2014/2/28,8.43,8.43,8.43,a甲↗上2.A5,0橅.Aa龙猪.初,升.尾连QQ.Q7,连7,银升a↗.0橅.Aa龙猪.初,5,4,3,815,True
2014/3/7,-2.83,-2.83,5.65,a甲↗上3.A6,0橅.Aa龙猪.初,升.尾反孕Qv,,银升a↗.0橅.Aa龙猪.初,6,5,4,816,True
2014/3/14,-7.27,-7.27,-1.09,b乙→中4.Y,5蛀.Be龙管根.初,跌.尾连vW.W2,,银升b→.5蛀.Be龙管根.初,-1,6,5,817,True
2014/3/21,7.84,7.84,10.98,b乙↗上5.I暂,4暂.Aa龙猪.初,(跌)人.连后吞WO,,银升b↗.4暂.Aa龙猪.初,1,7,6,818,True
2014/3/28,-5.45,-5.45,3.27,b乙→中6.Y暂,5暂.Fe震正根.初,(跌)人.连后吞WOv,,银升b→.5暂.Fe震正根.初,-1,8,7,819,True
2014/4/4,0.77,0.77,1.92,b乙→中7.Z-2暂,5暂.Fe震正根.主,(人)人.孕孕vo,,银升b→.5暂.Fe震正根.主,-2,9,8,820,True
2014/4/11,1.15,1.15,4.2,b乙↗上8.I暂,4暂.Fd震正芽.主,升.尾连oQ.Q2,,金升b↗.4暂.Fd震正芽.主,1,10,9,821,True
2014/4/18,4.91,4.91,6.42,b乙↗上9.B2暂,4暂.Fd震正芽.主,升.尾连QQ.Q3,连3,金升b↗.4暂.Fd震正芽.主,2,11,10,822,True
2014/4/25,-6.83,-6.83,1.44,b乙→中10.Y暂,5暂.Fe震正根.主,(升)人.连后吞QV,,金升b→.5暂.Fe震正根.主,-1,12,11,823,True
2014/4/30,-5.41,-5.41,0.77,c丙↘下11.Z-2暂,5暂.__Df头负._破,跌.尾连VW.W2,,尿降c↘.逃4v,-2,-1,-1,824,True
2014/5/9,-2.86,-2.86,2.04,z丁↘忑-1.Z-3暂,5暂.__Aa龙猪._初,跌.尾连WW.W3,,屎降z↘,-3,-2,-2,825,True
2014/5/16,0.42,0.42,4.62,z丁↘忑-2.Z-4,9妩.__Aa龙猪._初,跌.尾反孕Wo,,屎降z↘,-4,-3,-3,826,True
2014/5/23,1.26,1.26,1.26,z丁↘忑-3.Z-5,7姗.__Bd龙管杂._初,升.尾连oQ.Q2,,屎降z↘,-5,-4,-4,827,True
2014/5/30,2.07,2.07,3.31,z丁↘忑-4.Z-6,6娝.__Bc龙管栅._初,升.尾连QQ.Q3,,屎降z↘,-6,-5,-5,828,True
2014/6/6,-0.81,-0.81,4.05,z丁↘忑-5.Z-7,6娝.__Fa震正〇._初,(升)人.连后吞QV,,屎降z↘,-7,-6,-6,829,True
2014/6/13,2.45,2.45,3.27,y戊↘忠-6.I,4蛀.__Fe震正根._主,(人)人.吞吞* VO,,屎降y↘,1,-7,-7,830,True
2014/6/20,-2.39,-2.39,1.99,y戊↘忑-7.Y暂,5暂.__Fa震正〇._主,(人)人.吞吞* VO,,屎降y↘,-1,-8,-8,831,True
2014/6/27,15.1,15.1,15.1,a甲↗上1.I暂,4暂.Aa龙猪.初,升.尾吞vO,高,银升a↗.4暂.Aa龙猪.初,1,1,1,832,True
2014/7/4,4.26,4.26,8.87,a甲↗上2.B2暂,4暂.Aa龙猪.初,升.尾连OQ.Q2,,银升a↗.4暂.Aa龙猪.初,2,2,2,833,True
2014/7/11,3.4,3.4,8.16,a甲↗上3.B3暂,4暂.Aa龙猪.初,升.尾连QQ.Q3,连3,金升a↗.4暂.Aa龙猪.初,3,3,3,834,True
2014/7/18,-1.97,-1.97,4.28,a甲↗上4.A4,0橅.Aa龙猪.初,升.尾反孕Qv,,金升a↗.0橅.Aa龙猪.初,4,4,4,835,True
2014/7/25,5.7,5.7,8.72,a甲↗上5.A5,0橅.Aa龙猪.初,升.尾吞vO,,金升a↗.0橅.Aa龙猪.初,5,5,5,836,True
2014/8/1,-0.95,-0.95,5.4,a甲↗上6.A6,0橅.Aa龙猪.主,升.尾反孕vOv,,金升a↗.0橅.Aa龙猪.主,6,6,6,837,True
2014/8/8,3.21,3.21,9.29,a甲↗上7.A7,0橅.Aa龙猪.主,升.尾吞vO,,金升a↗.0橅.Aa龙猪.主,7,7,7,838,True
2014/8/15,-2.48,-2.48,2.48,a甲↗上8.A8,0橅.Aa龙猪.主,升.尾反孕vOv,,金升a↗.0橅.Aa龙猪.主,8,8,8,839,True
2014/8/22,0,0,3.5,a甲↗上9.A9,0橅.Aa龙猪.主,(升)人.孕孕vo,,金升a↗.0橅.Aa龙猪.主,9,9,9,840,True
2014/8/29,-1.59,-1.59,2.23,a甲↗上10.A10,1柜.Fa震正〇.主,跌.尾吞oV,,金升a↗.1柜.Fa震正〇.主,10,10,10,841,True
2014/9/5,4.53,4.53,5.5,a甲↗上11.A11,1柜.Fa震正〇.主,(跌)人.吞吞oVO,,金升a↗.1柜.Fa震正〇.主,11,11,11,842,True
2014/9/12,1.24,1.24,2.48,a甲↗上12.A12,1柜.Fa震正〇.主,升.尾连OQ.Q2,,金升a↗.1柜.Fa震正〇.主,12,12,12,843,True
2014/9/19,-1.83,-1.83,1.83,a甲↗上13.A13,3桮.Fa震正〇.主,(升)人.连后吞QV,,金升a↗.3桮.Fa震正〇.主,13,13,13,844,True
2014/9/26,7.17,7.17,10.9,a甲↗上14.A14,1柜.Aa龙猪.主,(人)人.吞吞* VO,,金升a↗.1柜.Aa龙猪.主,14,14,14,845,True
2014/9/30,0.29,0.29,2.62,a甲↗上15.A15,1柜.Aa龙猪.主,升.尾连OQ.Q2,,金升a↗.1柜.Aa龙猪.主,15,15,15,846,True
2014/10/10,-0.29,-0.29,2.9,a甲↗上16.A16,1柜.Aa龙猪.主,升.尾反孕Qv,,金升a↗.1柜.Aa龙猪.主,16,16,16,847,True
2014/10/17,-0.29,-0.29,7.27,a甲↗上17.A17,2栅.Bc龙管栅.主,跌.尾连vW.W2,,金升a↗.2栅.Bc龙管栅.主,17,17,17,848,True
2014/10/24,-2.62,-2.62,6.41,b乙→中18.Y,5蛀.Be龙管根.主,跌.尾连WW.W3,,金升b→.5蛀.Be龙管根.主,-1,18,18,849,True
2014/10/31,3.29,3.29,5.69,b乙↗上19.I暂,4暂.Aa龙猪.主,(跌)人.连后吞WO,,金升b↗.4暂.Aa龙猪.主,1,19,19,850,True
2014/11/7,4.93,4.93,9.28,b乙↗上20.B2暂,4暂.Aa龙猪.主,升.尾连OQ.Q2,,金升b↗.4暂.Aa龙猪.主,2,20,20,851,True
2014/11/14,-5.52,-5.52,0.83,b乙↗上21.B3暂,4暂.Aa龙猪.主,(升)人.连后吞QV,,金升b↗.4暂.Aa龙猪.主,3,21,21,852,True
2014/11/21,5.85,5.85,7.31,b乙↗上22.A4,1柜.Aa龙猪.主,(升)人.连后吞QVo,,金升b↗.1柜.Aa龙猪.主,4,22,22,853,True
2014/11/28,-0.28,-0.28,4.97,b乙↗上23.A5,1柜.Aa龙猪.主,(人)人.孕孕vo,,金升b↗.1柜.Aa龙猪.主,5,23,23,854,True
2014/12/5,3.32,3.32,9.7,b乙↗上24.A6,1柜.Aa龙猪.主,升.尾吞vO,,金升b↗.1柜.Aa龙猪.主,6,24,24,855,True
2014/12/12,17.69,17.69,18.77,b乙↗上25.A7,0橅.Aa龙猪.主,升.尾连OQ.Q2,高,金升b↗.0橅.Aa龙猪.主,7,25,25,856,True
2014/12/19,-5.24,-5.24,5.01,b乙↗上26.A8,0橅.Aa龙猪.主,升.尾反孕Qv,,金升b↗.0橅.Aa龙猪.主,8,26,26,857,True
2014/12/26,-0.96,-0.96,2.4,b乙↗上27.A9,2栅.Bc龙管栅.主,跌.尾连vW.W2,,金升b↗.2栅.Bc龙管栅.主,9,27,27,858,True
2014/12/31,5.83,5.83,13.11,b乙↗上28.A10,2栅.Bc龙管栅.主,(跌)人.连后吞WO,,金升b↗.2栅.Bc龙管栅.主,10,28,28,859,True
2015/1/9,0.92,0.92,6.88,b乙↗上29.A11,2栅.Bc龙管栅.主,升.尾连OQ.Q2,,金升b↗.2栅.Bc龙管栅.主,11,29,29,860,True
2015/1/16,-0.68,-0.68,0.68,b乙↗上30.A12,2栅.Bc龙管栅.主,(升)人.连后吞QV,,金升b↗.2栅.Bc龙管栅.主,12,30,30,861,True
2015/1/23,4.58,4.58,9.84,b乙↗上31.A13,1柜.Aa龙猪.主,(人)人.吞吞* VO,,金升b↗.1柜.Aa龙猪.主,13,31,31,862,True
2015/1/30,4.16,4.16,13.13,b乙↗上32.A14,1柜.Aa龙猪.主,升.尾连OQ.Q2,,金升b↗.1柜.Aa龙猪.主,14,32,32,863,True
2015/2/6,13.45,13.45,17.23,b乙↗上33.A15,1柜.Aa龙猪.主,升.尾连QQ.Q3,高连3,金升b↗.1柜.Aa龙猪.主,15,33,33,864,True
2015/2/13,-0.19,-0.19,6.11,b乙↗上34.A16,0橅.Aa龙猪.主,升.尾反孕Qv,,金升b↗.0橅.Aa龙猪.主,16,34,34,865,True
2015/2/17,7.98,7.98,10.02,b乙↗上35.A17,0橅.Aa龙猪.主,升.尾吞vO,,金升b↗.0橅.Aa龙猪.主,17,35,35,866,True
2015/2/27,1.2,1.2,3.44,b乙↗上36.A18,0橅.Aa龙猪.主,升.尾连OQ.Q2,,金升b↗.0橅.Aa龙猪.主,18,36,36,867,True
2015/3/6,-2.55,-2.55,3.4,b乙↗上37.A19,1柜.Aa龙猪.主,(升)人.连后吞QV,,金升b↗.1柜.Aa龙猪.主,19,37,37,868,True
2015/3/13,1.22,1.22,4.88,b乙↗上38.A20,1柜.Aa龙猪.主,(升)人.连后吞QVo,,金升b↗.1柜.Aa龙猪.主,20,38,38,869,True
2015/3/20,14.29,14.29,14.46,b乙↗上39.A21,1柜.Aa龙猪.主,升.尾连oQ.Q2,,金升b↗.1柜.Aa龙猪.主,21,39,39,870,True
2015/3/27,10.69,10.69,10.69,b乙↗上40.A22,1柜.Aa龙猪.主,升.尾连QQ.Q3,连3,金升b↗.1柜.Aa龙猪.主,22,40,40,871,True
2015/4/3,4.08,4.08,9.66,b乙↗上41.A23,0橅.Aa龙猪.主,升.尾连QQ.Q4,宽连4,金升b↗.0橅.Aa龙猪.主,23,41,41,872,True
2015/4/10,-3.92,-3.92,4.18,b乙↗上42.A24,0橅.Aa龙猪.主,升.尾反孕Qv,,金升b↗.0橅.Aa龙猪.主,24,42,42,873,True
2015/4/17,-3.27,-3.27,5.17,b乙↗上43.A25,2栅.Bc龙管栅.主,跌.尾连vW.W2,,金升b↗.2栅.Bc龙管栅.主,25,43,43,874,True
2015/4/24,7.17,7.17,8.16,b乙↗上44.A26,2栅.Fa震正〇.主,(跌)人.连后吞WO,,金升b↗.2栅.Fa震正〇.主,26,44,44,875,True
2015/4/30,-3.15,-3.15,5.91,b乙↗上45.A27,2栅.Bc龙管栅.主,(跌)人.连后吞WOv,,金升b↗.2栅.Bc龙管栅.主,27,45,45,876,True
2015/5/8,-10.98,-10.98,1.22,b乙→中46.Y,5蛀.Be龙管根.主,跌.尾连vW.W2,,金升b→.5蛀.Be龙管根.主,-1,46,46,877,True
2015/5/15,12.18,12.18,12.33,b乙↗上47.I暂,4暂.Aa龙猪.主,跌.尾反孕Wo,,金升b↗.4暂.Aa龙猪.主,1,47,47,878,True
2015/5/22,22.66,22.66,26.59,b乙↗上48.B2暂,4暂.Aa龙猪.主,升.尾连oQ.Q2,宽高,金升b↗.4暂.Aa龙猪.主,2,48,48,879,True
2015/5/29,-2.1,-2.1,7.74,b乙↗上49.B3暂,4暂.Aa龙猪.主,升.尾反孕Qv,宽,金升b↗.4暂.Aa龙猪.主,3,49,49,880,True
2015/6/5,12.66,12.66,23.95,b乙↗上50.A4,0橅.Aa龙猪.主,升.尾吞vO,宽高,金升b↗.0橅.Aa龙猪.主,4,50,50,881,True
2015/6/12,9.03,9.03,11.13,b乙↗上51.A5,0橅.Aa龙猪.主,升.尾连OQ.Q2,宽,金升b↗.0橅.Aa龙猪.主,5,51,51,882,True
2015/6/19,-3.68,-3.68,7.91,b乙↗上52.A6,0橅.Aa龙猪.主,升.尾反孕Qv,宽,金升b↗.0橅.Aa龙猪.主,6,52,52,883,True
2015/6/26,-12.51,-12.51,3.34,b乙↗上53.A7,2栅.Bc龙管栅.主,跌.尾连vW.W2,宽,金升b↗.2栅.Bc龙管栅.主,7,53,53,884,True
2015/12/31,-12.88,-12.88,6.44,c丙↘下54.Y,5蛀.Fe震正根.破,跌.尾连WW.W3,宽,金升c↘.被3v,-1,-1,54,885,True
2016/1/8,-8.02,-8.02,4.64,c丙↘下55.Z-2,5蛀.Fe震正根.破,跌.尾连WW.W4,宽,金升c↘.被3v,-2,-2,55,886,True
2016/1/15,-22.07,-22.07,1.09,z丁↘忑-1.Z-3,5蛀.__Aa龙猪._破,跌.尾连WW.W5,,嘘待z↘,-3,-3,-1,887,True
2016/1/22,1.57,1.57,10.31,z丁↘忑-2.Z-4,9妩.__Aa龙猪._破,跌.尾反孕Wo,,嘘待z↘,-4,-4,-2,888,True
2016/1/29,-14.8,-14.8,2.75,z丁↘忑-3.Z-5,9妩.__Aa龙猪._初,跌.尾吞oV,,尿降z↘,-5,-5,-3,889,True
2016/2/5,15.76,15.76,22.42,z丁↘忑-4.Z-6,9妩.__Aa龙猪._初,跌.尾反孕oVo,,尿降z↘,-6,-6,-4,890,True
2016/2/19,5.58,5.58,8.55,z丁↘忑-5.Z-7,7姗.__Bd龙管杂._初,升.尾连oQ.Q2,,嘘待z↘,-7,-7,-5,891,True
2016/2/26,-14.21,-14.21,3.31,z丁↘忑-6.Z-8,7姗.__Fa震正〇._初,(升)人.连后吞QV,,尿降z↘,-8,-8,-6,892,True
2016/3/4,-5.97,-5.97,3.47,z丁↘忑-7.Z-9,7姗.__Fa震正〇._初,跌.尾连VW.W2,,尿降z↘,-9,-9,-7,893,True
2016/3/11,1.43,1.43,9.02,z丁↘忑-8.Z-10,7姗.__Fa震正〇._初,跌.尾反孕Wo,,尿降z↘,-10,-10,-8,894,True
2016/3/18,19.6,19.6,22.83,y戊↘忠-9.I,4蛀.__Fe震正根._初,升.尾连oQ.Q2,,尿降y↘,1,-11,-9,895,True
2016/3/25,8.95,8.95,15.71,r己↗忐-10.B2,4蛀.__Fe震正根.储,升.尾连QQ.Q3,,嘘待r↗.4蛀.__Fe震正根.储.魅6v,2,1,-10,896,True
2016/4/1,18.91,18.91,18.91,r己↗忐-11.B3,4蛀.Df头负.储,升.尾连QQ.Q4,宽高连4,金升r↗.4蛀.Df头负.储.口1v,3,2,1,897,True
2016/4/8,5.61,5.61,15.51,a甲↗上1.A4,0橅.Aa龙猪.初,升.尾连QQ.Q5,宽高连5,金升a↗.0橅.Aa龙猪.初,4,3,2,898,True
2016/4/15,3.46,3.46,10.62,a甲↗上2.A5,0橅.Aa龙猪.初,升.尾连QQ.Q6,宽连6,金升a↗.0橅.Aa龙猪.初,5,4,3,899,True
2016/4/22,-10.02,-10.02,4.3,a甲↗上3.A6,1柜.Aa龙猪.初,(升)人.连后吞QV,宽,金升a↗.1柜.Aa龙猪.初,6,5,4,900,True
2016/4/29,7.16,7.16,13.13,a甲↗上4.A7,1柜.Aa龙猪.初,(升)人.连后吞QVo,,金升a↗.1柜.Aa龙猪.初,7,6,5,901,True
2016/5/6,-6.81,-6.81,5.32,a甲↗上5.A8,1柜.Fa震正〇.初,(人)人.孕孕vo,,金升a↗.1柜.Fa震正〇.初,8,7,6,902,True
2016/5/13,-8.1,-8.1,-3.59,c丙↘下6.Y,5蛀.Fe震正根.破,跌.尾连vW.W2,,金升c↘.被3v,-1,-1,7,903,True
2016/5/20,-3.9,-3.9,3.03,c丙↘下7.Z-2,5蛀.__Df头负._破,跌.尾连WW.W3,,嘘待c↘.逃4v,-2,-2,-1,904,True
2016/5/27,0.75,0.75,5.26,c丙↘下8.Z-3,5蛀.__Df头负._破,跌.尾反孕Wo,,嘘待c↘.逃4v,-3,-3,-2,905,True
2016/6/3,10.6,10.6,12.24,b乙↗上9.I暂,4暂.Dd头正芽.再B,升.尾连oQ.Q2,,金升b↗.4暂.Dd头正芽.再B,1,1,1,906,True
2016/6/8,-0.4,-0.4,1.35,b乙↗上10.B2暂,4暂.Dd头正芽.再B,升.尾反孕Qv,,金升b↗.4暂.Dd头正芽.再B,2,2,2,907,True
2016/6/17,-6.23,-6.23,-0.54,c丙↘下11.Y暂,5暂.Fe震正根.破,跌.尾连vW.W2,,金升c↘.被3v,-1,-1,3,908,True
2016/6/24,12.28,12.28,16.91,b乙↗上12.I暂,4暂.Dd头正芽.再B,(跌)人.连后吞WO,高,金升b↗.4暂.Dd头正芽.再B,1,1,4,909,True
2016/7/1,3.99,3.99,8.88,b乙↗上13.B2暂,4暂.Dd头正芽.再B,升.尾连OQ.Q2,,金升b↗.4暂.Dd头正芽.再B,2,2,5,910,True
2016/7/8,3.22,3.22,7.43,b乙↗上14.B3暂,4暂.Aa龙猪.再B,升.尾连QQ.Q3,连3,金升b↗.4暂.Aa龙猪.再B,3,3,6,911,True
2016/7/15,10.43,10.43,13.67,b乙↗上15.A4,0橅.Aa龙猪.再B,升.尾连QQ.Q4,连4,金升b↗.0橅.Aa龙猪.再B,4,4,7,912,True
2016/7/22,18.35,18.35,18.46,b乙↗上16.A5,0橅.Aa龙猪.主,升.尾连QQ.Q5,宽高连5,金升b↗.0橅.Aa龙猪.主,5,5,8,913,True
2016/7/29,-14.04,-14.04,3.85,b乙↗上17.A6,0橅.Aa龙猪.主,升.尾反孕Qv,宽,金升b↗.0橅.Aa龙猪.主,6,6,9,914,True
2016/8/5,-2.35,-2.35,0.75,b乙↗上18.A7,2栅.Bc龙管栅.主,跌.尾连vW.W2,宽,金升b↗.2栅.Bc龙管栅.主,7,7,10,915,True
2016/8/12,14.21,14.21,16.94,b乙↗上19.A8,2栅.Bc龙管栅.主,(跌)人.连后吞WO,高,金升b↗.2栅.Bc龙管栅.主,8,8,11,916,True
2016/8/19,17.8,17.8,21.15,b乙↗上20.A9,2栅.Bc龙管栅.主,升.尾连OQ.Q2,宽高,金升b↗.2栅.Bc龙管栅.主,9,9,12,917,True
2016/8/26,-6.66,-6.66,-0.08,b乙↗上21.A10,2栅.Bc龙管栅.主,升.尾反孕Qv,,金升b↗.2栅.Bc龙管栅.主,10,10,13,918,True
2016/9/2,8.44,8.44,14.45,b乙↗上22.A11,0橅.Aa龙猪.主,升.尾吞vO,,金升b↗.0橅.Aa龙猪.主,11,11,14,919,True
2016/9/9,-0.08,-0.08,3.21,b乙↗上23.A12,0橅.Aa龙猪.主,升.尾反孕vOv,,金升b↗.0橅.Aa龙猪.主,12,12,15,920,True
2016/9/14,-1.69,-1.69,2.49,b乙↗上24.A13,2栅.Bc龙管栅.主,跌.尾连vW.W2,,金升b↗.2栅.Bc龙管栅.主,13,13,16,921,True
2016/9/23,-3.35,-3.35,1.63,b乙↗上25.A14,3桮.Fa震正〇.主,跌.尾连WW.W3,,金升b↗.3桮.Fa震正〇.主,14,14,17,922,True
2016/9/30,-6.93,-6.93,-0.59,b乙→中26.Y,5蛀.Fe震正根.主,跌.尾连WW.W4,,金升b→.5蛀.Fe震正根.主,-1,15,18,923,True
2016/10/14,7.08,7.08,9.81,b乙→中27.Z-2,5蛀.Fe震正根.主,(跌)人.连后吞WO,,金升b→.5蛀.Fe震正根.主,-2,16,19,924,True
2016/10/21,-2.54,-2.54,2.46,b乙→中28.Z-3,5蛀.Fe震正根.主,(跌)人.连后吞WOv,,金升b→.5蛀.Fe震正根.主,-3,17,20,925,True
2016/10/28,-4.26,-4.26,1.65,b乙→中29.Z-4,8姖.Fe震正根.主,跌.尾连vW.W2,,金升b→.8姖.Fe震正根.主,-4,18,21,926,True
2016/11/4,-2,-2,2.36,c丙↘下30.Z-5,8姖.Fe震正根.破,跌.尾连WW.W3,,金升c↘.被3v,-5,-1,22,927,True
2016/11/11,-2.69,-2.69,-0.09,c丙↘下31.Z-6,9妩.Fe震正根.破,跌.尾连WW.W4,,金升c↘.被3v,-6,-2,23,928,True
2016/11/18,-0.19,-0.19,5.43,z丁↘忑-1.Z-7,9妩.Ff震负.破,跌.尾连WW.W5,,金升z↘.警3w,-7,-3,24,929,True
2016/11/25,-0.86,-0.86,2.01,z丁↘忑-2.Z-8,9妩.Ff震负.破,跌.尾连WW.W6,,金升z↘.警3w,-8,-4,25,930,True
2016/12/2,-3.08,-3.08,0.39,z丁↘忑-3.Z-9,9妩.Ff震负.破,跌.尾连WW.W7,,金升z↘.警3w,-9,-5,26,931,True
2016/12/9,0.6,0.6,6.06,z丁↘忑-4.Z-10,9妩.__Aa龙猪._破,跌.尾反孕Wo,,嘘待z↘,-10,-6,-1,932,True
2016/12/16,-3.26,-3.26,1.48,z丁↘忑-5.Z-11,9妩.__Aa龙猪._破,跌.尾吞oV,,嘘待z↘,-11,-7,-2,933,True
2016/12/23,-6.13,-6.13,0.51,z丁↘忑-6.Z-12,9妩.__Aa龙猪._初,跌.尾连VW.W2,,嘘待z↘,-12,-8,-3,934,True
2016/12/30,-1.74,-1.74,0.98,z丁↘忑-7.Z-13,9妩.__Aa龙猪._初,跌.尾连WW.W3,,嘘待z↘,-13,-9,-4,935,True
2017/1/6,-0.11,-0.11,3.21,z丁↘忑-8.Z-14,9妩.__Aa龙猪._初,跌.尾连WW.W4,,嘘待z↘,-14,-10,-5,936,True
2017/1/13,-2.66,-2.66,4.66,z丁↘忑-9.Z-15,9妩.__Aa龙猪._初,跌.尾连WW.W5,,嘘待z↘,-15,-11,-6,937,True
2017/1/20,-6.49,-6.49,0,z丁↘忑-10.Z-16,9妩.__Aa龙猪._初,跌.尾连WW.W6,,尿降z↘,-16,-12,-7,938,True
2017/1/26,2.56,2.56,3.65,z丁↘忑-11.Z-17,9妩.__Aa龙猪._初,跌.尾反孕Wo,,尿降z↘,-17,-13,-8,939,True
2017/2/3,-1.9,-1.9,0,z丁↘忑-12.Z-18,9妩.__Aa龙猪._初,(跌)人.孕孕ov,,尿降z↘,-18,-14,-9,940,True
2017/2/10,2.91,2.91,4.24,z丁↘忑-13.Z-19,8姖.__Fa震正〇._主,升.尾吞vO,,尿降z↘,-19,-15,-10,941,True
2017/2/17,7.29,7.29,7.29,y戊↘忠-14.I,4蛀.__Fe震正根._主,升.尾连OQ.Q2,,嘘待y↘,1,-16,-11,942,True
2017/2/24,8,8,11.07,r己↗忐-15.B2,4蛀.Df头负.储,升.尾连QQ.Q3,连3,金升r↗.4蛀.Df头负.储.口1v,2,1,1,943,True
2017/3/3,13.6,13.6,19.9,a甲↗上1.B3,4蛀.Aa龙猪.储,升.尾连QQ.Q4,宽高连4,金升a↗.4蛀.Aa龙猪.储,3,2,2,944,True
2017/3/10,-5.99,-5.99,2.68,a甲↗上2.A4,0橅.Aa龙猪.初,升.尾反孕Qv,,金升a↗.0橅.Aa龙猪.初,4,3,3,945,True
2017/3/17,9.13,9.13,13.21,a甲↗上3.A5,0橅.Aa龙猪.初,升.尾吞vO,,金升a↗.0橅.Aa龙猪.初,5,4,4,946,True
2017/3/24,0.61,0.61,5.84,a甲↗上4.A6,0橅.Aa龙猪.初,升.尾连OQ.Q2,,金升a↗.0橅.Aa龙猪.初,6,5,5,947,True
2017/3/31,-12.9,-12.9,4.59,b乙→中5.Y,5蛀.Be龙管根.初,(升)人.连后吞QV,,金升b→.5蛀.Be龙管根.初,-1,6,6,948,True
2017/4/7,1.49,1.49,4.17,b乙→中6.Z-2,5蛀.Be龙管根.初,(升)人.连后吞QVo,,金升b→.5蛀.Be龙管根.初,-2,7,7,949,True
2017/4/14,-1.76,-1.76,4.8,c丙↘下7.Z-3,5蛀.Fe震正根.破,跌.尾吞oV,,金升c↘.被3v,-3,-1,8,950,True
2017/4/21,-10.77,-10.77,2.49,c丙↘下8.Z-4,9妩.__Df头负._破,跌.尾连VW.W2,,嘘待c↘.逃4v,-4,-2,-1,951,True
2017/4/28,0.34,0.34,3.02,z丁↘忑-1.Z-5,9妩.__Aa龙猪._初,跌.尾反孕Wo,,尿降z↘,-5,-3,-2,952,True
2017/5/5,-2.9,-2.9,2.56,z丁↘忑-2.Z-6,9妩.__Aa龙猪._初,跌.尾吞oV,,尿降z↘,-6,-4,-3,953,True
2017/5/12,-6.31,-6.31,1.03,z丁↘忑-3.Z-7,9妩.__Aa龙猪._初,跌.尾连VW.W2,,尿降z↘,-7,-5,-4,954,True
2017/5/19,7.34,7.34,11.38,z丁↘忑-4.Z-8,8姖.__Aa龙猪._初,(跌)人.连后吞WO,,尿降z↘,-8,-6,-5,955,True
2017/5/26,-1.03,-1.03,2.05,z丁↘忑-5.Z-9,8姖.__Aa龙猪._初,(跌)人.连后吞WOv,,尿降z↘,-9,-7,-6,956,True
2017/6/2,-0.81,-0.81,2.07,z丁↘忑-6.Z-10,8姖.__Fa震正〇._主,跌.尾连vW.W2,,尿降z↘,-10,-8,-7,957,True
2017/6/9,3.72,3.72,6.16,y戊↘忠-7.I,4蛀.__Fe震正根._主,(跌)人.连后吞WO,,尿降y↘,1,-9,-8,958,True
2017/6/16,1.12,1.12,3.02,y戊↘忠-8.B2,4蛀.__Fe震正根._主,升.尾连OQ.Q2,,尿降y↘,2,-10,-9,959,True
2017/6/23,-2.77,-2.77,1.55,y戊↘忑-9.Y暂,5暂.__Fa震正〇._主,(升)人.连后吞QV,,尿降y↘,-1,-11,-10,960,True
2017/6/30,11.96,11.96,14.12,r己↗忐-10.I暂,4暂.Df头负.储,(人)人.吞吞* VO,,金升r↗.4暂.Df头负.储.口1v,1,1,1,961,True
2017/7/7,3.15,3.15,4.68,a甲↗上1.B2暂,4暂.Aa龙猪.储,升.尾连OQ.Q2,,金升a↗.4暂.Aa龙猪.储,2,2,2,962,True
2017/7/14,-4.44,-4.44,-0.39,a甲↗上2.B3暂,4暂.Aa龙猪.初,(升)人.连后吞QV,,金升a↗.4暂.Aa龙猪.初,3,3,3,963,True
2017/7/21,-5.78,-5.78,-0.21,b乙→中3.Y暂,5暂.__Ff震负._再D,跌.尾连VW.W2,,嘘待b→.5暂.__Ff震负._再D.魅6u,-1,4,-1,964,True
2017/7/28,1.53,1.53,2.85,c丙↘下4.Z-2暂,5暂.__Df头负._再D,跌.尾反孕Wo,,嘘待c↘.逃5I,-2,-1,-2,965,True
2017/8/4,1.73,1.73,5.72,b乙→中5.Z-3暂,5暂.__Ff震负._再D,升.尾连oQ.Q2,,嘘待b→.5暂.__Ff震负._再D.魅6h,-3,1,-3,966,True
2017/8/11,-3.29,-3.29,1.38,c丙↘下6.Z-4,7姗.__Df头负._再D,(升)人.连后吞QV,,嘘待c↘.逃5I,-4,-1,-4,967,True
2017/8/18,5.04,5.04,8.44,b乙↗上7.I,4蛀.Dd头正芽.储,(人)人.吞吞* VO,,金升b↗.4蛀.Dd头正芽.储,1,1,1,968,True
2017/8/25,3.65,3.65,7.83,b乙↗上8.B2,4蛀.Aa龙猪.初,升.尾连OQ.Q2,,金升b↗.4蛀.Aa龙猪.初,2,2,2,969,True
2017/9/1,8.36,8.36,9.16,b乙↗上9.B3,4蛀.Aa龙猪.初,升.尾连QQ.Q3,连3,金升b↗.4蛀.Aa龙猪.初,3,3,3,970,True
2017/9/8,6.04,6.04,9.29,b乙↗上10.A4,0橅.Aa龙猪.初,升.尾连QQ.Q4,连4,金升b↗.0橅.Aa龙猪.初,4,4,4,971,True
2017/9/15,2.98,2.98,5.35,b乙↗上11.A5,0橅.Aa龙猪.初,升.尾连QQ.Q5,连5,金升b↗.0橅.Aa龙猪.初,5,5,5,972,True
2017/9/22,-3.91,-3.91,2.64,b乙↗上12.A6,1柜.Aa龙猪.初,(升)人.连后吞QV,,金升b↗.1柜.Aa龙猪.初,6,6,6,973,True
2017/9/29,-1.86,-1.86,1.24,b乙↗上13.A7,2栅.Bc龙管栅.主,跌.尾连VW.W2,,金升b↗.2栅.Bc龙管栅.主,7,7,7,974,True
2017/10/13,-2.17,-2.17,3.97,b乙→中14.Y,5蛀.Be龙管根.主,跌.尾连WW.W3,,金升b→.5蛀.Be龙管根.主,-1,8,8,975,True
2017/10/20,-3.87,-3.87,0.28,b乙→中15.Z-2,5蛀.Fe震正根.主,跌.尾连WW.W4,,金升b→.5蛀.Fe震正根.主,-2,9,9,976,True
2017/10/27,6.14,6.14,7.2,b乙↗上16.I暂,4暂.Fd震正芽.主,(跌)人.连后吞WO,,金升b↗.4暂.Fd震正芽.主,1,10,10,977,True
2017/11/3,2.35,2.35,10.04,b乙↗上17.B2暂,4暂.Aa龙猪.主,升.尾连OQ.Q2,,金升b↗.4暂.Aa龙猪.主,2,11,11,978,True
2017/11/10,18.82,18.82,23.94,b乙↗上18.B3暂,4暂.Aa龙猪.主,升.尾连QQ.Q3,宽高连3,金升b↗.4暂.Aa龙猪.主,3,12,12,979,True
2017/11/17,-17.4,-17.4,3.35,b乙↗上19.A4,1柜.Aa龙猪.主,(升)人.连后吞QV,宽,金升b↗.1柜.Aa龙猪.主,4,13,13,980,True
2017/11/24,-7.92,-7.92,0.36,c丙↘下20.Y,5蛀.Fe震正根.破,跌.尾连VW.W2,宽,金升c↘.被3v,-1,-1,14,981,True
2017/12/1,-10.85,-10.85,1.17,z丁↘忑-1.Z-2,5蛀.__Aa龙猪._破,跌.尾连WW.W3,,尿降z↘,-2,-2,-1,982,True
2017/12/8,-0.33,-0.33,2.85,z丁↘忑-2.Z-3,5蛀.__Aa龙猪._初,跌.尾连WW.W4,,尿降z↘,-3,-3,-2,983,True
2017/12/15,-1.32,-1.32,2.53,z丁↘忑-3.Z-4,9妩.__Aa龙猪._初,跌.尾连WW.W5,,尿降z↘,-4,-4,-3,984,True
2017/12/22,-2.34,-2.34,0,z丁↘忑-4.Z-5,9妩.__Aa龙猪._初,跌.尾连WW.W6,,尿降z↘,-5,-5,-4,985,True
2017/12/29,8.22,8.22,11.07,z丁↘忑-5.Z-6,8姖.__Aa龙猪._初,(跌)人.连后吞WO,,尿降z↘,-6,-6,-5,986,True
2018/1/5,-4.11,-4.11,4.22,z丁↘忑-6.Z-7,8姖.__Aa龙猪._初,(跌)人.连后吞WOv,,尿降z↘,-7,-7,-6,987,True
2018/1/12,-2.09,-2.09,0.33,z丁↘忑-7.Z-8,8姖.__Fa震正〇._初,跌.尾连vW.W2,,尿降z↘,-8,-8,-7,988,True
2018/1/19,-2.58,-2.58,-0.22,z丁↘忑-8.Z-9,8姖.__Fa震正〇._主,跌.尾连WW.W3,,尿降z↘,-9,-9,-8,989,True
2018/1/26,0.69,0.69,3.81,z丁↘忑-9.Z-10,9妩.__Fa震正〇._主,跌.尾反孕Wo,,尿降z↘,-10,-10,-9,990,True
2018/2/2,-7.9,-7.9,1.6,z丁↘忑-10.Z-11,9妩.__Aa龙猪._主,跌.尾吞oV,,尿降z↘,-11,-11,-10,991,True
2018/2/9,-16.79,-16.79,1.12,z丁↘忑-11.Z-12,9妩.__Aa龙猪._主,跌.尾连VW.W2,,屎降z↘,-12,-12,-11,992,True
2018/2/14,7.47,7.47,8.52,z丁↘忑-12.Z-13,9妩.__Aa龙猪._主,跌.尾反孕Wo,,屎降z↘,-13,-13,-12,993,True
2018/2/23,3.34,3.34,4.59,z丁↘忑-13.Z-14,7姗.__Bd龙管杂._主,升.尾连oQ.Q2,,屎降z↘,-14,-14,-13,994,True
2018/3/2,3.9,3.9,8.21,z丁↘忑-14.Z-15,6娝.__Fa震正〇._主,升.尾连QQ.Q3,,屎降z↘,-15,-15,-14,995,True
2018/3/9,1.17,1.17,1.42,y戊↘忠-15.I,4蛀.__Fe震正根._主,升.尾连QQ.Q4,,屎降y↘,1,-16,-15,996,True
2018/3/16,-0.51,-0.51,2.69,y戊↘忠-16.B2,4蛀.__Fe震正根._主,升.尾反孕Qv,,屎降y↘,2,-17,-16,997,True
2018/3/23,-14.03,-14.03,0.13,y戊↘忑-17.Y暂,5暂.__Aa龙猪._主,跌.尾连vW.W2,,屎降y↘,-1,-18,-17,998,True
2018/3/30,5.84,5.84,7.19,y戊↘忑-18.Z-2暂,5暂.__Aa龙猪._主,跌.尾反孕Wo,,屎降y↘,-2,-19,-18,999,True
2018/4/4,-1.7,-1.7,2.83,y戊↘忑-19.Z-3暂,5暂.__Aa龙猪._主,(跌)人.孕孕ov,,屎降y↘,-3,-20,-19,1000,True
2018/4/13,-1.44,-1.44,1.44,y戊↘忑-20.Z-4,9妩.__Aa龙猪._主,跌.尾连vW.W2,,屎降y↘,-4,-21,-20,1001,True
2018/4/20,-2.19,-2.19,2.19,y戊↘忑-21.Z-5,9妩.__Fa震正〇._主,跌.尾连WW.W3,,屎降y↘,-5,-22,-21,1002,True
2018/4/27,-3.13,-3.13,2.09,y戊↘忑-22.Z-6,9妩.__Fa震正〇._主,跌.尾连WW.W4,,屎降y↘,-6,-23,-22,1003,True
2018/5/4,-0.77,-0.77,0.92,y戊↘忑-23.Z-7,9妩.__Aa龙猪._主,跌.尾连WW.W5,,屎降y↘,-7,-24,-23,1004,True
2018/5/11,2.33,2.33,3.42,y戊↘忑-24.Z-8,8姖.__Aa龙猪._主,(跌)人.连后吞WO,,屎降y↘,-8,-25,-24,1005,True
2018/5/18,-1.06,-1.06,2.43,y戊↘忑-25.Z-9,8姖.__Aa龙猪._主,(跌)人.连后吞WOv,,屎降y↘,-9,-26,-25,1006,True
2018/5/25,-2.15,-2.15,2.3,y戊↘忑-26.Z-10,8姖.__Aa龙猪._主,跌.尾连vW.W2,,屎降y↘,-10,-27,-26,1007,True
2018/6/1,-1.88,-1.88,0.63,y戊↘忑-27.Z-11,8姖.__Aa龙猪._主,跌.尾连WW.W3,,屎降y↘,-11,-28,-27,1008,True
2018/6/8,0.48,0.48,5.11,y戊↘忑-28.Z-12,9妩.__Aa龙猪._主,跌.尾反孕Wo,,屎降y↘,-12,-29,-28,1009,True
2018/6/15,-5.56,-5.56,-0.64,y戊↘忑-29.Z-13,9妩.__Aa龙猪._主,跌.尾吞oV,,屎降y↘,-13,-30,-29,1010,True
2018/6/22,-22.39,-22.39,-2.69,y戊↘忑-30.Z-14,9妩.__Aa龙猪._主,跌.尾连VW.W2,,屎降y↘,-14,-31,-30,1011,True
2018/6/29,1.52,1.52,1.95,y戊↘忑-31.Z-15,9妩.__Aa龙猪._主,跌.尾反孕Wo,,屎降y↘,-15,-32,-31,1012,True
2018/7/6,-2.35,-2.35,5.13,y戊↘忑-32.Z-16,9妩.__Aa龙猪._主,跌.尾吞oV,,屎降y↘,-16,-33,-32,1013,True
2018/7/13,1.09,1.09,3.72,y戊↘忑-33.Z-17,9妩.__Aa龙猪._主,跌.尾反孕oVo,,屎降y↘,-17,-34,-33,1014,True
2018/7/20,-0.22,-0.22,3.46,y戊↘忑-34.Z-18,9妩.__Aa龙猪._主,(跌)人.孕孕ov,,屎降y↘,-18,-35,-34,1015,True
2018/7/27,8.03,8.03,13.23,y戊↘忑-35.Z-19,8姖.__Aa龙猪._主,升.尾吞vO,,屎降y↘,-19,-36,-35,1016,True
2018/8/3,-9.64,-9.64,0.2,y戊↘忑-36.Z-20,8姖.__Aa龙猪._主,(升)人.吞吞vOV,,屎降y↘,-20,-37,-36,1017,True
2018/8/10,2.89,2.89,5.11,y戊↘忑-37.Z-21,8姖.__Aa龙猪._主,(升)人.吞吞vOVo,,屎降y↘,-21,-38,-37,1018,True
2018/8/17,-3.67,-3.67,1.3,y戊↘忑-38.Z-22,8姖.__Aa龙猪._主,跌.尾吞oV,,屎降y↘,-22,-39,-38,1019,True
2018/8/24,-0.22,-0.22,0.9,y戊↘忑-39.Z-23,9妩.__Aa龙猪._主,跌.尾连VW.W2,,屎降y↘,-23,-40,-39,1020,True
2018/8/31,-2.02,-2.02,3.82,y戊↘忑-40.Z-24,9妩.__Aa龙猪._主,跌.尾连WW.W3,,屎降y↘,-24,-41,-40,1021,True
2018/9/7,-2.06,-2.06,0,y戊↘忑-41.Z-25,9妩.__Aa龙猪._主,跌.尾连WW.W4,,屎降y↘,-25,-42,-41,1022,True
2018/9/14,-5.62,-5.62,0,y戊↘忑-42.Z-26,9妩.__Aa龙猪._主,跌.尾连WW.W5,,屎降y↘,-26,-43,-42,1023,True
2018/9/21,-1.99,-1.99,0,y戊↘忑-43.Z-27,9妩.__Aa龙猪._主,跌.尾连WW.W6,,屎降y↘,-27,-44,-43,1024,True
2018/9/28,-2.03,-2.03,0.51,y戊↘忑-44.Z-28,9妩.__Aa龙猪._主,跌.尾连WW.W7,,屎降y↘,-28,-45,-44,1025,True
2018/10/12,-20.41,-20.41,-1.29,y戊↘忑-45.Z-29,9妩.__Aa龙猪._主,跌.尾连WW.W8,,屎降y↘,-29,-46,-45,1026,True
2018/10/19,-5.19,-5.19,0.65,y戊↘忑-46.Z-30,9妩.__Aa龙猪._主,跌.尾连WW.W9,,屎降y↘,-30,-47,-46,1027,True
2018/10/26,6.51,6.51,9.59,y戊↘忑-47.Z-31,8姖.__Aa龙猪._主,(跌)人.连后吞WO,,屎降y↘,-31,-48,-47,1028,True
2018/11/2,6.11,6.11,9.97,y戊↘忑-48.Z-32,7姗.__Bd龙管杂._主,升.尾连OQ.Q2,,屎降y↘,-32,-49,-48,1029,True
2018/11/9,0.3,0.3,4.55,y戊↘忑-49.Z-33,6娝.__Fa震正〇._主,升.尾连QQ.Q3,,屎降y↘,-33,-50,-49,1030,True
2018/11/16,12.39,12.39,14.5,y戊↘忠-50.I,4蛀.__Fe震正根._主,升.尾连QQ.Q4,,屎降y↘,1,-51,-50,1031,True
2018/11/23,-5.65,-5.65,4.84,y戊↘忠-51.B2,4蛀.__Fe震正根._主,升.尾反孕Qv,,屎降y↘,2,-52,-51,1032,True
2018/11/30,8.83,8.83,16.24,r己↗忐-52.B3,4蛀.__Fe震正根.储,升.尾吞vO,,屎降r↗.4蛀.__Fe震正根.储.魅6v,3,1,-52,1033,True
2018/12/7,-3.93,-3.93,4.45,y戊↘忠-53.A4,0橅.__Fe震正根._再B,升.尾反孕vOv,,屎降y↘,4,-1,-53,1034,True
2018/12/14,-2.72,-2.72,2.72,y戊↘忠-54.A5,2栅.__Fe震正根._再B,跌.尾连vW.W2,,屎降y↘,5,-2,-54,1035,True
2018/12/21,-3.64,-3.64,0.84,y戊↘忑-55.Y,5蛀.__Fa震正〇._再B,跌.尾连WW.W3,,屎降y↘,-1,-3,-55,1036,True
2018/12/28,-2.03,-2.03,4.94,y戊↘忑-56.Z-2,5蛀.__Fa震正〇._再B,跌.尾连WW.W4,,屎降y↘,-2,-4,-56,1037,True
2019/1/4,5.64,5.64,6.53,y戊↘忑-57.Z-3,5蛀.__Fa震正〇._再B,(跌)人.连后吞WO,,屎降y↘,-3,-5,-57,1038,True
2019/1/11,2.81,2.81,5.34,r己↗忐-58.I暂,4暂.__Fe震正根.储,升.尾连OQ.Q2,,屎降r↗.4暂.__Fe震正根.储.魅6v,1,1,-58,1039,True
2019/1/18,-11.75,-11.75,0.55,y戊↘忑-59.Y暂,5暂.__Aa龙猪._再B,(升)人.连后吞QV,,屎降y↘,-1,-1,-59,1040,True
2019/1/25,9.6,9.6,9.6,y戊↘忑-60.Z-2暂,5暂.__Aa龙猪._再B,(升)人.连后吞QVo,,屎降y↘,-2,-2,-60,1041,True
2019/2/1,-4.8,-4.8,2.26,y戊↘忑-61.Z-3暂,5暂.__Aa龙猪._再B,(人)人.孕孕vo,,屎降y↘,-3,-3,-61,1042,True
2019/2/15,8.01,8.01,10.68,r己↗忐-62.I暂,4暂.__Fe震正根.储,升.尾吞vO,,屎降r↗.4暂.__Fe震正根.储.魅6v,1,1,-62,1043,True
2019/2/22,17.03,17.03,17.03,a甲↗上1.B2暂,4暂.Aa龙猪.储,升.尾连OQ.Q2,高,唏待a↗.4暂.Aa龙猪.储,2,2,1,1044,True
2019/3/1,8.45,8.45,17.14,a甲↗上2.B3暂,4暂.Aa龙猪.储,升.尾连QQ.Q3,宽高连3,唏待a↗.4暂.Aa龙猪.储,3,3,2,1045,True
2019/3/8,15.15,15.15,31.6,a甲↗上3.A4,0橅.Aa龙猪.初,升.尾连QQ.Q4,宽高连4,唏待a↗.0橅.Aa龙猪.初,4,4,3,1046,True
2019/3/15,16.54,16.54,28.57,a甲↗上4.A5,0橅.Aa龙猪.初,升.尾连QQ.Q5,宽高连5,银升a↗.0橅.Aa龙猪.初,5,5,4,1047,True
2019/3/22,9.19,9.19,14.19,a甲↗上5.A6,0橅.Aa龙猪.初,升.尾连QQ.Q6,宽连6,银升a↗.0橅.Aa龙猪.初,6,6,5,1048,True
2019/3/29,-12.26,-12.26,-3.55,a甲↗上6.A7,1柜.Aa龙猪.初,(升)人.连后吞QV,宽,银升a↗.1柜.Aa龙猪.初,7,7,6,1049,True
2019/4/4,3.03,3.03,6.57,a甲↗上7.A8,1柜.Aa龙猪.初,(升)人.连后吞QVo,宽,银升a↗.1柜.Aa龙猪.初,8,8,7,1050,True
2019/4/12,-10.95,-10.95,0.49,b乙→中8.Y,5蛀.Fe震正根.主,跌.尾吞oV,宽,银升b→.5蛀.Fe震正根.主,-1,9,8,1051,True
2019/4/19,-6.06,-6.06,7.71,b乙→中9.Z-2,5蛀.Fe震正根.主,跌.尾连VW.W2,宽,唏待b→.5蛀.Fe震正根.主,-2,10,9,1052,True
2019/4/26,-10.35,-10.35,0.78,c丙↘下10.Z-3,5蛀.Fe震正根.破,跌.尾连WW.W3,宽,唏待c↘.被3v,-3,-1,10,1053,True
2019/4/30,1.74,1.74,4.14,c丙↘下11.Z-4,9妩.__Df头负._破,跌.尾反孕Wo,,屎降c↘.逃4v,-4,-2,-1,1054,True
2019/5/10,-4.07,-4.07,-1.5,z丁↘忑-1.Z-5,9妩.__Aa龙猪._破,跌.尾吞oV,,屎降z↘,-5,-3,-2,1055,True
2019/5/17,-8.93,-8.93,0.89,z丁↘忑-2.Z-6,9妩.__Aa龙猪._破,跌.尾连VW.W2,,屎降z↘,-6,-4,-3,1056,True
2019/5/24,-5.39,-5.39,2.94,z丁↘忑-3.Z-7,9妩.__Aa龙猪._初,跌.尾连WW.W3,,屎降z↘,-7,-5,-4,1057,True
2019/5/31,3.37,3.37,8.55,z丁↘忑-4.Z-8,9妩.__Aa龙猪._初,跌.尾反孕Wo,,屎降z↘,-8,-6,-5,1058,True
2019/6/6,12.78,12.78,16.79,y戊↘忠-5.I,4蛀.__Be龙管根._初,升.尾连oQ.Q2,,屎降y↘,1,-7,-6,1059,True
2019/6/14,-6.89,-6.89,3.11,y戊↘忑-6.Y暂,5暂.__Aa龙猪._初,升.尾反孕Qv,,屎降y↘,-1,-8,-7,1060,True
2019/6/21,3.1,3.1,4.77,y戊↘忠-7.I暂,4暂.__Fe震正根._初,(升)人.孕孕vo,,屎降y↘,1,-9,-8,1061,True
2019/6/28,-6.94,-6.94,0.46,y戊↘忑-8.Y暂,5暂.__Fa震正〇._初,跌.尾吞oV,,屎降y↘,-1,-10,-9,1062,True
2019/7/5,0.5,0.5,3.98,y戊↘忑-9.Z-2暂,5暂.__Fa震正〇._主,跌.尾反孕oVo,,屎降y↘,-2,-11,-10,1063,True
2019/7/12,-8.17,-8.17,0.25,y戊↘忑-10.Z-3暂,5暂.__Aa龙猪._主,跌.尾吞oV,,屎降y↘,-3,-12,-11,1064,True
2019/7/19,3.77,3.77,7.28,y戊↘忑-11.Z-4,9妩.__Aa龙猪._主,跌.尾反孕oVo,,屎降y↘,-4,-13,-12,1065,True
2019/7/26,-1.3,-1.3,0.26,y戊↘忑-12.Z-5,9妩.__Aa龙猪._主,(跌)人.孕孕ov,,屎降y↘,-5,-14,-13,1066,True
2019/8/2,-2.63,-2.63,3.42,y戊↘忑-13.Z-6,9妩.__Aa龙猪._主,跌.尾连vW.W2,,屎降y↘,-6,-15,-14,1067,True
2019/8/9,-8.92,-8.92,1.35,y戊↘忑-14.Z-7,9妩.__Aa龙猪._主,跌.尾连WW.W3,,屎降y↘,-7,-16,-15,1068,True
2019/8/16,3.26,3.26,4.45,y戊↘忑-15.Z-8,9妩.__Aa龙猪._主,跌.尾反孕Wo,,屎降y↘,-8,-17,-16,1069,True
2019/8/23,5.46,5.46,12.93,y戊↘忑-16.Z-9,7姗.__Bd龙管杂._主,升.尾连oQ.Q2,,屎降y↘,-9,-18,-17,1070,True
2019/8/30,0.82,0.82,5.45,y戊↘忠-17.I,4蛀.__Fe震正根._主,升.尾连QQ.Q3,,屎降y↘,1,-19,-18,1071,True
2019/9/6,9.46,9.46,12.97,r己↗忐-18.B2,4蛀.__Fe震正根.储,升.尾连QQ.Q4,,屎降r↗.4蛀.__Fe震正根.储.魅6v,2,1,-19,1072,True
2019/9/12,0,0,3.46,r己↗忐-19.B3,4蛀.__Fe震正根.储,升.尾连QQ.Q5,,屎降r↗.4蛀.__Fe震正根.储.魅6v,3,2,-20,1073,True
2019/9/20,-4.2,-4.2,0.99,r己↗忐-20.A4,1柜.__Fe震正根.储,(升)人.连后吞QV,,屎降r↗.1柜.__Fe震正根.储.魅6v,4,3,-21,1074,True
2019/9/27,-6.96,-6.96,-0.77,y戊↘忑-21.Y,5蛀.__Fa震正〇._再B,跌.尾连VW.W2,,屎降y↘,-1,-1,-22,1075,True
2019/9/30,0,0,1.11,y戊↘忑-22.Z-2,5蛀.__Fa震正〇._再B,跌.尾反孕Wo,,屎降y↘,-2,-2,-23,1076,True
2019/10/11,2.22,2.22,3.05,y戊↘忑-23.Z-3,5蛀.__Fa震正〇._再B,升.尾连oQ.Q2,,屎降y↘,-3,-3,-24,1077,True
2019/10/18,-0.81,-0.81,4.07,y戊↘忑-24.Z-4,7姗.__Fa震正〇._再B,升.尾反孕Qv,,屎降y↘,-4,-4,-25,1078,True
2019/10/25,-0.82,-0.82,0.27,y戊↘忑-25.Z-5,7姗.__Fa震正〇._主,跌.尾连vW.W2,,屎降y↘,-5,-5,-26,1079,True
2019/11/1,-3.86,-3.86,3.86,y戊↘忑-26.Z-6,7姗.__Bd龙管杂._主,跌.尾连WW.W3,,屎降y↘,-6,-6,-27,1080,True
2019/11/8,-1.72,-1.72,1.15,y戊↘忑-27.Z-7,9妩.__Aa龙猪._主,跌.尾连WW.W4,,屎降y↘,-7,-7,-28,1081,True
2019/11/15,-5.25,-5.25,-0.29,y戊↘忑-28.Z-8,9妩.__Aa龙猪._主,跌.尾连WW.W5,,屎降y↘,-8,-8,-29,1082,True
2019/11/22,3.38,3.38,5.54,y戊↘忑-29.Z-9,9妩.__Aa龙猪._主,跌.尾反孕Wo,,屎降y↘,-9,-9,-30,1083,True
2019/11/29,-0.89,-0.89,1.49,y戊↘忑-30.Z-10,9妩.__Aa龙猪._主,(跌)人.孕孕ov,,屎降y↘,-10,-10,-31,1084,True
2019/12/6,2.1,2.1,4.5,y戊↘忑-31.Z-11,8姖.__Aa龙猪._主,升.尾吞vO,,屎降y↘,-11,-11,-32,1085,True
2019/12/13,0,0,1.47,y戊↘忑-32.Z-12,7姗.__Fa震正〇._主,升.尾连OQ.Q2,,屎降y↘,-12,-12,-33,1086,True
2019/12/20,2.35,2.35,6.47,y戊↘忠-33.I,4蛀.__Fe震正根._主,升.尾连QQ.Q3,,屎降y↘,1,-13,-34,1087,True
2019/12/27,-0.29,-0.29,2.3,y戊↘忠-34.B2,4蛀.__Fe震正根._主,升.尾反孕Qv,,屎降y↘,2,-14,-35,1088,True
2020/1/3,2.88,2.88,4.9,r己↗忐-35.B3,4蛀.__Fe震正根.储,升.尾吞vO,,屎降r↗.4蛀.__Fe震正根.储.魅6v,3,1,-36,1089,True
2020/1/10,1.12,1.12,5.88,r己↗忐-36.A4,0橅.__Fe震正根.储,升.尾连OQ.Q2,,屎降r↗.0橅.__Fe震正根.储.魅6v,4,2,-37,1090,True
2020/1/17,0.28,0.28,9.97,a甲↗上1.A5,0橅.__Ff震负.储,升.尾连QQ.Q3,,屎降a↗.0橅.__Ff震负.储.魅6w,5,3,-38,1091,True
2020/1/23,-4.97,-4.97,1.1,c丙↘下2.Y,5蛀.__Df头负._再C,(升)人.连后吞QV,,屎降c↘.逃5I,-1,-1,-39,1092,True
2020/2/7,-6.98,-6.98,-4.94,z丁↘忑-1.Z-2,5蛀.__Aa龙猪._再C,跌.尾连VW.W2,,屎降z↘,-2,-2,-40,1093,True
2020/2/14,0,0,3.12,z丁↘忑-2.Z-3,5蛀.__Aa龙猪._再C,(跌)人.连后吞WO,,屎降z↘,-3,-3,-41,1094,True
2020/2/21,11.25,11.25,15,r己↗忐-3.I暂,4暂.__Fe震正根.储,升.尾连OQ.Q2,,屎降r↗.4暂.__Fe震正根.储.魅6v,1,1,-42,1095,True
2020/2/28,-2.81,-2.81,17.98,r己↗忐-4.B2暂,4暂.__Fe震正根.储,升.尾反孕Qv,,屎降r↗.4暂.__Fe震正根.储.魅6v,2,2,-43,1096,True
2020/3/6,4.91,4.91,10.98,a甲↗上1.B3暂,4暂.Aa龙猪.储,升.尾吞vO,宽,唏待a↗.4暂.Aa龙猪.储,3,3,1,1097,True
2020/3/13,-6.34,-6.34,0.83,c丙↘下2.Y暂,5暂.__Df头负._再C,(升)人.吞吞vOV,,屎降c↘.逃5I,-1,-1,-1,1098,True
2020/3/20,-4.12,-4.12,2.35,z丁↘忑-1.Z-2暂,5暂.__Fa震正〇._再C,跌.尾连VW.W2,,屎降z↘,-2,-2,-2,1099,True
2020/3/27,-1.84,-1.84,0.61,z丁↘忑-2.Z-3暂,5暂.__Fa震正〇._再C,跌.尾连WW.W3,,屎降z↘,-3,-3,-3,1100,True
2020/4/3,-2.5,-2.5,-0.94,z丁↘忑-3.Z-4,9妩.__Fa震正〇._再C,跌.尾连WW.W4,,屎降z↘,-4,-4,-4,1101,True
2020/4/10,9.62,9.62,18.59,y戊↘忠-4.I,4蛀.__Fe震正根._再C,(跌)人.连后吞WO,,屎降y↘,1,-5,-5,1102,True
2020/4/17,0.58,0.58,7.02,r己↗忐-5.B2,4蛀.__Fe震正根.储,升.尾连OQ.Q2,,屎降r↗.4蛀.__Fe震正根.储.魅6v,2,1,-6,1103,True
2020/4/24,-5.23,-5.23,0.87,y戊↘忑-6.Y暂,5暂.__Fa震正〇._再B,(升)人.连后吞QV,,屎降y↘,-1,-1,-7,1104,True
2020/4/30,-0.31,-0.31,1.53,y戊↘忑-7.Z-2暂,5暂.__Fa震正〇._再B,跌.尾连VW.W2,,屎降y↘,-2,-2,-8,1105,True
2020/5/8,1.54,1.54,2.15,y戊↘忑-8.Z-3暂,5暂.__Fa震正〇._再B,(跌)人.连后吞WO,,屎降y↘,-3,-3,-9,1106,True
2020/5/15,-3.94,-3.94,0.61,y戊↘忑-9.Z-4,8姖.__Fa震正〇._再B,(人)人.吞吞* OV,,屎降y↘,-4,-4,-10,1107,True
2020/5/22,-26.81,-26.81,-10.09,y戊↘忑-10.Z-5,8姖.__Aa龙猪._主,跌.尾连VW.W2,,屎降y↘,-5,-5,-11,1108,True
2020/5/29,4.31,4.31,8.62,y戊↘忑-11.Z-6,8姖.__Aa龙猪._主,跌.尾反孕Wo,,屎降y↘,-6,-6,-12,1109,True
2020/6/5,8.68,8.68,13.22,y戊↘忑-12.Z-7,7姗.__Bd龙管杂._主,升.尾连oQ.Q2,,屎降y↘,-7,-7,-13,1110,True
2020/6/12,-5.7,-5.7,-1.14,y戊↘忑-13.Z-8,7姗.__Bd龙管杂._主,升.尾反孕Qv,,屎降y↘,-8,-8,-14,1111,True
2020/6/19,1.21,1.21,2.42,y戊↘忑-14.Z-9,7姗.__Fa震正〇._主,(升)人.孕孕vo,,屎降y↘,-9,-9,-15,1112,True
2020/6/24,-2.79,-2.79,0.4,y戊↘忑-15.Z-10,7姗.__Fa震正〇._主,跌.尾吞oV,,屎降y↘,-10,-10,-16,1113,True
2020/7/3,10.66,10.66,10.66,y戊↘忠-16.I,4蛀.__Fe震正根._主,(跌)人.吞吞oVO,,屎降y↘,1,-11,-17,1114,True
2020/7/10,12.96,12.96,21.11,r己↗忐-17.B2,4蛀.__Fe震正根.储,升.尾连OQ.Q2,,屎降r↗.4蛀.__Fe震正根.储.魅6v,2,1,-18,1115,True
2020/7/17,-9.84,-9.84,3.93,y戊↘忠-18.B3,4蛀.__Fe震正根._再B,(升)人.连后吞QV,,屎降y↘,3,-1,-19,1116,True
2020/7/24,-2.18,-2.18,6.18,y戊↘忑-19.Y暂,5暂.__Fa震正〇._再B,跌.尾连VW.W2,,屎降y↘,-1,-2,-20,1117,True
2020/7/31,2.97,2.97,4.83,y戊↘忠-20.I暂,4暂.__Fe震正根._再B,跌.尾反孕Wo,,屎降y↘,1,-3,-21,1118,True
2020/8/7,2.53,2.53,4.69,r己↗忐-21.B2暂,4暂.__Fe震正根.储,升.尾连oQ.Q2,,屎降r↗.4暂.__Fe震正根.储.魅6v,2,1,-22,1119,True
2020/8/14,0.35,0.35,4.58,r己↗忐-22.B3暂,4暂.__Fe震正根.储,升.尾连QQ.Q3,,屎降r↗.4暂.__Fe震正根.储.魅6v,3,2,-23,1120,True
2020/8/21,5.96,5.96,8.42,a甲↗上1.A4,0橅.__Ff震负.储,升.尾连QQ.Q4,,屎降a↗.0橅.__Ff震负.储.魅6w,4,3,-24,1121,True
2020/8/28,-6.62,-6.62,0.66,a甲↗上2.A5,1柜.__Ff震负.储,(升)人.连后吞QV,,屎降a↗.1柜.__Ff震负.储.魅6w,5,4,-25,1122,True
2020/9/4,-2.13,-2.13,1.77,c丙↘下3.Y,5蛀.__Df头负._再C,跌.尾连VW.W2,,屎降c↘.逃5I,-1,-1,-26,1123,True
2020/9/11,-0.72,-0.72,9.06,z丁↘忑-1.Z-2,5蛀.__Fa震正〇._再C,跌.尾连WW.W3,,屎降z↘,-2,-2,-27,1124,True
2020/9/18,-0.36,-0.36,1.46,z丁↘忑-2.Z-3,5蛀.__Fa震正〇._再C,跌.尾连WW.W4,,屎降z↘,-3,-3,-28,1125,True
2020/9/25,-5.13,-5.13,1.1,z丁↘忑-3.Z-4,9妩.__Aa龙猪._再C,跌.尾连WW.W5,,屎降z↘,-4,-4,-29,1126,True
2020/9/30,-1.54,-1.54,1.16,z丁↘忑-4.Z-5,9妩.__Aa龙猪._再C,跌.尾连WW.W6,,屎降z↘,-5,-5,-30,1127,True
2020/10/9,2.35,2.35,3.14,z丁↘忑-5.Z-6,8姖.__Aa龙猪._主,(跌)人.连后吞WO,,屎降z↘,-6,-6,-31,1128,True
2020/10/16,-1.15,-1.15,3.45,z丁↘忑-6.Z-7,8姖.__Aa龙猪._主,(人)人.吞吞* OV,,屎降z↘,-7,-7,-32,1129,True
2020/10/23,5.04,5.04,10.85,y戊↘忠-7.I,4蛀.__Fe震正根._主,(人)人.吞吞* VO,,屎降y↘,1,-8,-33,1130,True
2020/10/30,-5.17,-5.17,0,y戊↘忑-8.Y暂,5暂.__Fa震正〇._主,(人)人.吞吞* OV,,屎降y↘,-1,-9,-34,1131,True
2020/11/6,1.56,1.56,3.89,y戊↘忑-9.Z-2暂,5暂.__Aa龙猪._主,(人)人.吞吞* OV,,屎降y↘,-2,-10,-35,1132,True
2020/11/13,0.77,0.77,2.3,y戊↘忑-10.Z-3暂,5暂.__Aa龙猪._主,升.尾连oQ.Q2,,屎降y↘,-3,-11,-36,1133,True
2020/11/20,0.38,0.38,1.9,y戊↘忠-11.I暂,4暂.__Be龙管根._主,升.尾连QQ.Q3,,屎降y↘,1,-12,-37,1134,True
2020/11/27,-0.38,-0.38,3.41,y戊↘忠-12.B2暂,4暂.__Fe震正根._主,升.尾反孕Qv,,屎降y↘,2,-13,-38,1135,True
2020/12/4,1.52,1.52,4.18,r己↗忐-13.B3暂,4暂.__Fe震正根.储,升.尾吞vO,,屎降r↗.4暂.__Fe震正根.储.魅6v,3,1,-39,1136,True
2020/12/11,-5.24,-5.24,0.37,y戊↘忑-14.Y暂,5暂.__Fa震正〇._再B,(升)人.吞吞vOV,,屎降y↘,-1,-1,-40,1137,True
2020/12/18,-3.16,-3.16,0.79,y戊↘忑-15.Z-2暂,5暂.__Aa龙猪._再B,跌.尾连VW.W2,,屎降y↘,-2,-2,-41,1138,True
2020/12/25,-3.67,-3.67,0.82,y戊↘忑-16.Z-3暂,5暂.__Aa龙猪._再B,跌.尾连WW.W3,,屎降y↘,-3,-3,-42,1139,True
2020/12/31,0,0,2.12,y戊↘忑-17.Z-4,9妩.__Aa龙猪._再B,跌.尾反孕Wo,,屎降y↘,-4,-4,-43,1140,True
2021/1/8,-5.51,-5.51,0.42,y戊↘忑-18.Z-5,9妩.__Aa龙猪._主,跌.尾吞oV,,屎降y↘,-5,-5,-44,1141,True
2021/1/15,-2.24,-2.24,0.45,y戊↘忑-19.Z-6,9妩.__Aa龙猪._主,跌.尾连VW.W2,,屎降y↘,-6,-6,-45,1142,True
2021/1/22,5.5,5.5,10.55,y戊↘忑-20.Z-7,8姖.__Aa龙猪._主,(跌)人.连后吞WO,,屎降y↘,-7,-7,-46,1143,True
2021/1/29,-6.52,-6.52,2.61,y戊↘忑-21.Z-8,8姖.__Aa龙猪._主,(人)人.吞吞* OV,,屎降y↘,-8,-8,-47,1144,True
2021/2/5,-9.3,-9.3,-1.86,y戊↘忑-22.Z-9,8姖.__Aa龙猪._主,跌.尾连VW.W2,,屎降y↘,-9,-9,-48,1145,True
2021/2/10,4.1,4.1,5.13,y戊↘忑-23.Z-10,6娝.__Bc龙管栅._主,(跌)人.连后吞WO,,屎降y↘,-10,-10,-49,1146,True
2021/2/19,7.88,7.88,8.37,y戊↘忑-24.Z-11,7姗.__Bd龙管杂._主,升.尾连OQ.Q2,,屎降y↘,-11,-11,-50,1147,True
2021/2/26,-0.91,-0.91,5.48,y戊↘忠-25.I,4蛀.__Fe震正根._主,升.尾反孕Qv,,屎降y↘,1,-12,-51,1148,True
2021/3/5,2.3,2.3,5.53,y戊↘忠-26.B2,4蛀.__Fe震正根._主,升.尾吞vO,,屎降y↘,2,-13,-52,1149,True
2021/3/12,-5.41,-5.41,-0.45,y戊↘忑-27.Y暂,5暂.__Fa震正〇._主,(升)人.吞吞vOV,,屎降y↘,-1,-14,-53,1150,True
2021/3/19,1.43,1.43,5.71,y戊↘忑-28.Z-2暂,5暂.__Fa震正〇._主,(升)人.吞吞vOVo,,屎降y↘,-2,-15,-54,1151,True
2021/3/26,0.94,0.94,2.35,y戊↘忑-29.Z-3暂,5暂.__Fa震正〇._主,升.尾连oQ.Q2,,屎降y↘,-3,-16,-55,1152,True
2021/4/2,-2.79,-2.79,0.47,y戊↘忑-30.Z-4,7姗.__Fa震正〇._主,(升)人.连后吞QV,,屎降y↘,-4,-17,-56,1153,True
2021/4/9,2.87,2.87,5.26,y戊↘忠-31.I,4蛀.__Fe震正根._主,(人)人.吞吞* VO,,屎降y↘,1,-18,-57,1154,True
2021/4/16,0.47,0.47,1.4,y戊↘忠-32.B2,4蛀.__Fe震正根._主,升.尾连OQ.Q2,,屎降y↘,2,-19,-58,1155,True
2021/4/23,-5.09,-5.09,1.39,y戊↘忑-33.Y暂,5暂.__Fa震正〇._主,(升)人.连后吞QV,,屎降y↘,-1,-20,-59,1156,True
2021/4/30,-2.44,-2.44,0.49,y戊↘忑-34.Z-2暂,5暂.__Aa龙猪._主,跌.尾连VW.W2,,屎降y↘,-2,-21,-60,1157,True
2021/5/7,2.5,2.5,10,y戊↘忑-35.Z-3暂,5暂.__Aa龙猪._主,(跌)人.连后吞WO,,屎降y↘,-3,-22,-61,1158,True
2021/5/14,5.85,5.85,7.32,r己↗忐-36.I暂,4暂.__Fe震正根.储,升.尾连OQ.Q2,,屎降r↗.4暂.__Fe震正根.储.魅6v,1,1,-62,1159,True
2021/5/21,4.15,4.15,9.22,r己↗忐-37.B2暂,4暂.__Fe震正根.储,升.尾连QQ.Q3,,屎降r↗.4暂.__Fe震正根.储.魅6v,2,2,-63,1160,True
2021/5/28,-0.88,-0.88,1.77,a甲↗上1.B3暂,4暂.__Ff震负.储,升.尾反孕Qv,,屎降a↗.4暂.__Ff震负.储.魅6w,3,3,-64,1161,True
2021/6/4,-1.34,-1.34,4.91,a甲↗上2.A4,2栅.__Ff震负.储,跌.尾连vW.W2,,屎降a↗.2栅.__Ff震负.储.魅6w,4,4,-65,1162,True
2021/6/11,0,0,1.81,a甲↗上3.A5,2栅.__Ff震负.储,跌.尾反孕Wo,,屎降a↗.2栅.__Ff震负.储.魅6w,5,5,-66,1163,True
2021/6/18,-3.62,-3.62,0.9,c丙↘下4.Y,5蛀.__Df头负._再C,跌.尾吞oV,,屎降c↘.逃5I,-1,-1,-67,1164,True
2021/6/25,-1.88,-1.88,0.47,z丁↘忑-1.Z-2,5蛀.__Fa震正〇._再C,跌.尾连VW.W2,,屎降z↘,-2,-2,-68,1165,True
2021/7/2,-1.91,-1.91,0.48,z丁↘忑-2.Z-3,5蛀.__Fa震正〇._再C,跌.尾连WW.W3,,屎降z↘,-3,-3,-69,1166,True
2021/7/9,3.9,3.9,4.88,z丁↘忑-3.Z-4,8姖.__Fa震正〇._再C,(跌)人.连后吞WO,,屎降z↘,-4,-4,-70,1167,True
2021/7/16,-0.47,-0.47,10.33,z丁↘忑-4.Z-5,8姖.__Fa震正〇._再C,(跌)人.连后吞WOv,,屎降z↘,-5,-5,-71,1168,True
2021/7/23,6.13,6.13,6.6,a甲↗上1.I,4蛀.Dd头正芽.储,升.尾吞vO,,唏待a↗.4蛀.Dd头正芽.储,1,1,1,1169,True
2021/7/30,-5.33,-5.33,1.78,a甲↗上2.B2,4蛀.__Ff震负.储,升.尾反孕vOv,,屎降a↗.4蛀.__Ff震负.储.魅6w,2,2,-1,1170,True
2021/8/6,12.21,12.21,16.9,a甲↗上3.B3,4蛀.Aa龙猪.储,升.尾吞vO,高,唏待a↗.4蛀.Aa龙猪.储,3,3,1,1171,True
2021/8/13,7.53,7.53,7.53,a甲↗上4.A4,0橅.Aa龙猪.初,升.尾连OQ.Q2,,银升a↗.0橅.Aa龙猪.初,4,4,2,1172,True
2021/8/20,-0.78,-0.78,7,a甲↗上5.A5,0橅.Aa龙猪.初,升.尾反孕Qv,,银升a↗.0橅.Aa龙猪.初,5,5,3,1173,True
2021/8/27,9.8,9.8,11.76,a甲↗上6.A6,0橅.Aa龙猪.初,升.尾吞vO,,银升a↗.0橅.Aa龙猪.初,6,6,4,1174,True
2021/9/3,7.14,7.14,17.14,a甲↗上7.A7,0橅.Aa龙猪.初,升.尾连OQ.Q2,宽高,银升a↗.0橅.Aa龙猪.初,7,7,5,1175,True
2021/9/10,-0.33,-0.33,4.67,a甲↗上8.A8,0橅.Aa龙猪.初,升.尾反孕Qv,,银升a↗.0橅.Aa龙猪.初,8,8,6,1176,True
2021/9/17,-6.35,-6.35,3.01,a甲↗上9.A9,2栅.Bc龙管栅.主,跌.尾连vW.W2,,银升a↗.2栅.Bc龙管栅.主,9,9,7,1177,True
2021/9/24,-1.43,-1.43,2.86,a甲↗上10.A10,3桮.Fa震正〇.主,跌.尾连WW.W3,,银升a↗.3桮.Fa震正〇.主,10,10,8,1178,True
2021/9/30,-5.43,-5.43,-1.09,b乙→中11.Y,5蛀.Fe震正根.主,跌.尾连WW.W4,,银升b→.5蛀.Fe震正根.主,-1,11,9,1179,True
2021/10/8,0.38,0.38,1.92,b乙→中12.Z-2,5蛀.Fe震正根.主,跌.尾反孕Wo,,银升b→.5蛀.Fe震正根.主,-2,12,10,1180,True
2021/10/15,-7.63,-7.63,1.53,c丙↘下13.Z-3,5蛀.Fe震正根.破,跌.尾吞oV,,唏待c↘.被3v,-3,-1,11,1181,True
2021/10/22,-4.55,-4.55,3.72,z丁↘忑-1.Z-4,9妩.__Aa龙猪._破,跌.尾连VW.W2,,屎降z↘,-4,-2,-1,1182,True
2021/10/29,-2.6,-2.6,3.03,z丁↘忑-2.Z-5,9妩.__Aa龙猪._破,跌.尾连WW.W3,,屎降z↘,-5,-3,-2,1183,True
2021/11/5,-3.11,-3.11,2.22,z丁↘忑-3.Z-6,9妩.__Aa龙猪._初,跌.尾连WW.W4,,屎降z↘,-6,-4,-3,1184,True
2021/11/12,2.75,2.75,4.13,z丁↘忑-4.Z-7,9妩.__Aa龙猪._初,跌.尾反孕Wo,,屎降z↘,-7,-5,-4,1185,True
2021/11/19,5.36,5.36,10.71,z丁↘忑-5.Z-8,7姗.__Bd龙管杂._初,升.尾连oQ.Q2,,屎降z↘,-8,-6,-5,1186,True
2021/11/26,6.78,6.78,11.44,r己↗忐-6.I,4蛀.Df头负.再D,升.尾连QQ.Q3,连3,唏待r↗.4蛀.Df头负.再D.口2i,1,1,1,1187,True
2021/12/3,-4.37,-4.37,-0.79,r己↗忐-7.B2,4蛀.Df头负.再D,升.尾反孕Qv,,唏待r↗.4蛀.Df头负.再D.口2i,2,2,2,1188,True
2021/12/10,-0.41,-0.41,1.66,y戊↘忠-8.B3,4蛀.__Fe震正根._初,跌.尾连vW.W2,,屎降y↘,3,-1,-1,1189,True
2021/12/17,4.17,4.17,8.33,r己↗忐-9.A4,2栅.Df头负.再D,(跌)人.连后吞WO,,唏待r↗.2栅.Df头负.再D.口2I,4,1,1,1190,True
2021/12/24,-2.8,-2.8,5.2,r己↗忐-10.A5,2栅.Df头负.再D,(跌)人.连后吞WOv,,唏待r↗.2栅.Df头负.再D.口2I,5,2,2,1191,True
2021/12/31,10.29,10.29,10.29,a甲↗上1.A6,2栅.Bc龙管栅.再D,升.尾吞vO,,银升a↗.2栅.Bc龙管栅.再D,6,3,3,1192,True
2022/1/7,5.6,5.6,11.19,a甲↗上2.A7,0橅.Aa龙猪.再D,升.尾连OQ.Q2,,银升a↗.0橅.Aa龙猪.再D,7,4,4,1193,True
2022/1/14,-6.71,-6.71,1.06,a甲↗上3.A8,1柜.Aa龙猪.再D,(升)人.连后吞QV,,银升a↗.1柜.Aa龙猪.再D,8,5,5,1194,True
2022/1/21,-3.41,-3.41,6.06,b乙→中4.Y,5蛀.Be龙管根.再D,跌.尾连VW.W2,,银升b→.5蛀.Be龙管根.再D,-1,6,6,1195,True
2022/1/28,-3.92,-3.92,0.39,c丙↘下5.Z-2,5蛀.Fe震正根.破,跌.尾连WW.W3,,唏待c↘.被3v,-2,-1,7,1196,True
2022/2/11,2.45,2.45,6.12,c丙↘下6.Z-3,5蛀.Fe震正根.破,跌.尾反孕Wo,,唏待c↘.被3v,-3,-2,8,1197,True
2022/2/18,1.2,1.2,5.58,b乙→中7.Z-4,7姗.De头正根.破,升.尾连oQ.Q2,,银升b→.7姗.De头正根.破.被3v,-4,1,9,1198,True
2022/2/25,-0.79,-0.79,5.51,c丙↘下8.Z-5,7姗.Fe震正根.破,升.尾反孕Qv,,银升c↘.被3v,-5,-1,10,1199,True
2022/3/4,-2.38,-2.38,4.76,z丁↘忑-1.Z-6,7姗.__Fa震正〇._破,跌.尾连vW.W2,,屎降z↘,-6,-2,-1,1200,True
2022/3/11,-4.88,-4.88,1.22,z丁↘忑-2.Z-7,7姗.__Bd龙管杂._初,跌.尾连WW.W3,,屎降z↘,-7,-3,-2,1201,True
2022/3/18,-0.43,-0.43,0,z丁↘忑-3.Z-8,9妩.__Aa龙猪._初,跌.尾连WW.W4,,屎降z↘,-8,-4,-3,1202,True
2022/3/25,-3,-3,2.15,z丁↘忑-4.Z-9,9妩.__Aa龙猪._初,跌.尾连WW.W5,,屎降z↘,-9,-5,-4,1203,True
2022/4/1,0.88,0.88,2.21,z丁↘忑-5.Z-10,9妩.__Aa龙猪._初,跌.尾反孕Wo,,屎降z↘,-10,-6,-5,1204,True
2022/4/8,-0.44,-0.44,3.51,z丁↘忑-6.Z-11,9妩.__Fa震正〇._初,(跌)人.孕孕ov,,屎降z↘,-11,-7,-6,1205,True
2022/4/15,-3.08,-3.08,0,z丁↘忑-7.Z-12,9妩.__Fa震正〇._初,跌.尾连vW.W2,,屎降z↘,-12,-8,-7,1206,True
2022/4/22,20,20,20,r己↗忐-8.I,4蛀.Df头负.储,(跌)人.连后吞WO,高,银升r↗.4蛀.Df头负.储.口1v,1,1,1,1207,True
2022/4/29,17.42,17.42,37.12,a甲↗上1.B2,4蛀.Aa龙猪.初,升.尾连OQ.Q2,宽高,银升a↗.4蛀.Aa龙猪.初,2,2,2,1208,True
2022/5/6,-4.84,-4.84,-4.84,a甲↗上2.B3,4蛀.Aa龙猪.初,升.尾反孕Qv,宽,银升a↗.4蛀.Aa龙猪.初,3,3,3,1209,True
2022/5/13,-22.71,-22.71,-5.08,c丙↘下3.Y暂,5暂.Fe震正根.破,跌.尾连vW.W2,宽,唏待c↘.被3v,-1,-1,4,1210,True
2022/5/20,-9.65,-9.65,-4.82,z丁↘忑-1.Z-2暂,5暂.__Aa龙猪._破,跌.尾连WW.W3,,屎降z↘,-2,-2,-1,1211,True
2022/5/27,-8.25,-8.25,4.85,z丁↘忑-2.Z-3暂,5暂.__Aa龙猪._初,跌.尾连WW.W4,,屎降z↘,-3,-3,-2,1212,True
2022/6/2,-0.53,-0.53,3.7,z丁↘忑-3.Z-4,9妩.__Aa龙猪._初,跌.尾连WW.W5,,屎降z↘,-4,-4,-3,1213,True
2022/6/10,15.43,15.43,20.74,z丁↘忑-4.Z-5,8姖.__Aa龙猪._初,(跌)人.连后吞WO,,屎降z↘,-5,-5,-4,1214,True
2022/6/17,-4.61,-4.61,0,z丁↘忑-5.Z-6,8姖.__Aa龙猪._初,(跌)人.连后吞WOv,,屎降z↘,-6,-6,-5,1215,True
2022/6/24,3.38,3.38,4.83,z丁↘忑-6.Z-7,8姖.__Fa震正〇._主,(人)人.孕孕vo,,屎降z↘,-7,-7,-6,1216,True
2022/7/1,-1.87,-1.87,1.87,z丁↘忑-7.Z-8,8姖.__Fa震正〇._主,(人)人.孕孕vo,,屎降z↘,-8,-8,-7,1217,True
2022/7/8,0,0,1.43,z丁↘忑-8.Z-9,9妩.__Fa震正〇._主,(人)人.孕孕vo,,屎降z↘,-9,-9,-8,1218,True
2022/7/15,-2.86,-2.86,1.9,z丁↘忑-9.Z-10,9妩.__Fa震正〇._主,跌.尾吞oV,,屎降z↘,-10,-10,-9,1219,True
2022/7/22,10.29,10.29,10.29,r己↗忐-10.I,4蛀.__Fe震正根.储,(跌)人.吞吞oVO,,屎降r↗.4蛀.__Fe震正根.储.魅6v,1,1,-10,1220,True
2022/7/29,17.33,17.33,18.67,a甲↗上1.B2,4蛀.Aa龙猪.储,升.尾连OQ.Q2,高,银升a↗.4蛀.Aa龙猪.储,2,2,1,1221,True
2022/8/5,0,0,8.71,a甲↗上2.B3,4蛀.Aa龙猪.初,升.尾连QQ.Q3,宽连3,银升a↗.4蛀.Aa龙猪.初,3,3,2,1222,True
2022/8/12,-3.41,-3.41,3.79,a甲↗上3.A4,1柜.Aa龙猪.初,(升)人.连后吞QV,,银升a↗.1柜.Aa龙猪.初,4,4,3,1223,True
2022/8/19,10.59,10.59,12.16,a甲↗上4.A5,1柜.Aa龙猪.初,(人)人.吞吞* VO,,银升a↗.1柜.Aa龙猪.初,5,5,4,1224,True
2022/8/26,-1.77,-1.77,6.03,a甲↗上5.A6,1柜.Aa龙猪.初,(人)人.吞吞* VO,,银升a↗.1柜.Aa龙猪.初,6,6,5,1225,True
2022/9/2,-2.17,-2.17,1.81,a甲↗上6.A7,2栅.Bc龙管栅.初,跌.尾连vW.W2,,银升a↗.2栅.Bc龙管栅.初,7,7,6,1226,True
2022/9/9,-3.32,-3.32,0.74,a甲↗上7.A8,3桮.Bb龙管杂.初,跌.尾连WW.W3,,银升a↗.3桮.Bb龙管杂.初,8,8,7,1227,True
2022/9/16,7.25,7.25,8.78,a甲↗上8.A9,3桮.Fa震正〇.主,(跌)人.连后吞WO,,金升a↗.3桮.Fa震正〇.主,9,9,8,1228,True
2022/9/23,-6.05,-6.05,0,b乙→中9.Y,5蛀.Fe震正根.主,(人)人.吞吞* OV,,金升b→.5蛀.Fe震正根.主,-1,10,9,1229,True
2022/9/30,-0.76,-0.76,1.89,b乙→中10.Z-2,5蛀.Fe震正根.主,跌.尾连VW.W2,,金升b→.5蛀.Fe震正根.主,-2,11,10,1230,True
2022/10/14,-9.16,-9.16,3.05,c丙↘下11.Z-3,5蛀.__Df头负._破,跌.尾连WW.W3,,嘘待c↘.逃4v,-3,-1,-1,1231,True
2022/10/21,-0.42,-0.42,4.2,z丁↘忑-1.Z-4,9妩.__Aa龙猪._破,跌.尾连WW.W4,,尿降z↘,-4,-2,-2,1232,True
2022/10/28,-5.49,-5.49,0.42,z丁↘忑-2.Z-5,9妩.__Aa龙猪._初,跌.尾连WW.W5,,尿降z↘,-5,-3,-3,1233,True
2022/11/4,6.25,6.25,7.59,z丁↘忑-3.Z-6,8姖.__Aa龙猪._初,(跌)人.连后吞WO,,尿降z↘,-6,-4,-4,1234,True
2022/11/11,6.3,6.3,8.4,y戊↘忠-4.I,4蛀.Ff震负.再D,升.尾连OQ.Q2,,金升y↘.警3u,1,-5,1,1235,True
2022/11/18,-0.4,-0.4,4.35,r己↗忐-5.B2,4蛀.Df头负.再D,升.尾反孕Qv,,金升r↗.4蛀.Df头负.再D.口2i,2,1,2,1236,True
2022/11/25,1.59,1.59,3.57,r己↗忐-6.B3,4蛀.Df头负.再D,升.尾吞vO,,金升r↗.4蛀.Df头负.再D.口2I,3,2,3,1237,True
2022/12/2,7.81,7.81,8.59,a甲↗上1.A4,0橅.Dd头正芽.再D,升.尾连OQ.Q2,,金升a↗.0橅.Dd头正芽.再D,4,3,4,1238,True
2022/12/9,-4.71,-4.71,5.07,a甲↗上2.A5,0橅.Aa龙猪.再D,升.尾反孕Qv,,金升a↗.0橅.Aa龙猪.再D,5,4,5,1239,True
2022/12/16,-0.38,-0.38,0.76,a甲↗上3.A6,2栅.Bc龙管栅.再D,跌.尾连vW.W2,,金升a↗.2栅.Bc龙管栅.再D,6,5,6,1240,True
2022/12/23,-4.58,-4.58,2.29,c丙↘下4.Y,5蛀.Fe震正根.破,跌.尾连WW.W3,,金升c↘.被3v,-1,-1,7,1241,True
2022/12/30,1.2,1.2,8.8,c丙↘下5.Z-2,5蛀.Fe震正根.破,跌.尾反孕Wo,,金升c↘.被3v,-2,-2,8,1242,True
2023/1/6,5.14,5.14,5.53,b乙↗上6.I暂,4暂.Dd头正芽.再B,升.尾连oQ.Q2,,金升b↗.4暂.Dd头正芽.再B,1,1,9,1243,True
2023/1/13,-5.64,-5.64,0.75,c丙↘下7.Y暂,5暂.Fe震正根.破,(升)人.连后吞QV,,金升c↘.被3v,-1,-1,10,1244,True
2023/1/20,4.38,4.38,9.16,b乙↗上8.I暂,4暂.Dd头正芽.再B,(升)人.连后吞QVo,,金升b↗.4暂.Dd头正芽.再B,1,1,11,1245,True
2023/2/3,-0.76,-0.76,2.29,b乙↗上9.B2暂,4暂.Dd头正芽.再B,(人)人.孕孕vo,,金升b↗.4暂.Dd头正芽.再B,2,2,12,1246,True
2023/2/10,-0.38,-0.38,0.38,b乙↗上10.B3暂,4暂.Dd头正芽.再B,跌.尾连vW.W2,,金升b↗.4暂.Dd头正芽.再B,3,3,13,1247,True
2023/2/17,-1.93,-1.93,1.93,c丙↘下11.Y暂,5暂.Fe震正根.破,跌.尾连WW.W3,,金升c↘.被3v,-1,-1,14,1248,True
2023/2/24,-1.18,-1.18,6.3,z丁↘忑-1.Z-2暂,5暂.__Aa龙猪._破,跌.尾连WW.W4,,嘘待z↘,-2,-2,-1,1249,True
2023/3/3,-0.4,-0.4,0.4,z丁↘忑-2.Z-3暂,5暂.__Aa龙猪._破,跌.尾连WW.W5,,嘘待z↘,-3,-3,-2,1250,True
2023/3/10,0.8,0.8,2,z丁↘忑-3.Z-4,8姖.__Aa龙猪._破,(跌)人.连后吞WO,,嘘待z↘,-4,-4,-3,1251,True
2023/3/17,-1.98,-1.98,-0.4,z丁↘忑-4.Z-5,8姖.__Fa震正〇._初,(人)人.吞吞* OV,,尿降z↘,-5,-5,-4,1252,True
2023/3/24,-0.81,-0.81,0.4,z丁↘忑-5.Z-6,8姖.__Fa震正〇._初,跌.尾连VW.W2,,尿降z↘,-6,-6,-5,1253,True
2023/3/31,-0.82,-0.82,-0.41,z丁↘忑-6.Z-7,8姖.__Aa龙猪._初,跌.尾连WW.W3,,尿降z↘,-7,-7,-6,1254,True
2023/4/7,0.41,0.41,3.29,z丁↘忑-7.Z-8,8姖.__Aa龙猪._初,(跌)人.连后吞WO,,尿降z↘,-8,-8,-7,1255,True
2023/4/14,-2.05,-2.05,0,z丁↘忑-8.Z-9,8姖.__Aa龙猪._初,(人)人.吞吞* OV,,尿降z↘,-9,-9,-8,1256,True
2023/4/21,-3.77,-3.77,0,z丁↘忑-9.Z-10,8姖.__Aa龙猪._初,跌.尾连VW.W2,,尿降z↘,-10,-10,-9,1257,True
2023/4/28,-0.87,-0.87,0.87,z丁↘忑-10.Z-11,8姖.__Aa龙猪._主,跌.尾连WW.W3,,屎降z↘,-11,-11,-10,1258,True
2023/5/5,-0.88,-0.88,2.19,z丁↘忑-11.Z-12,9妩.__Aa龙猪._主,跌.尾连WW.W4,,屎降z↘,-12,-12,-11,1259,True
2023/5/12,-3.1,-3.1,2.21,z丁↘忑-12.Z-13,9妩.__Aa龙猪._主,跌.尾连WW.W5,,屎降z↘,-13,-13,-12,1260,True
2023/5/19,-0.91,-0.91,1.83,z丁↘忑-13.Z-14,9妩.__Aa龙猪._主,跌.尾连WW.W6,,屎降z↘,-14,-14,-13,1261,True
2023/5/26,-4.15,-4.15,0.46,z丁↘忑-14.Z-15,9妩.__Aa龙猪._主,跌.尾连WW.W7,,屎降z↘,-15,-15,-14,1262,True
2023/6/2,-2.4,-2.4,0,z丁↘忑-15.Z-16,9妩.__Aa龙猪._主,跌.尾连WW.W8,,屎降z↘,-16,-16,-15,1263,True
2023/6/9,1.48,1.48,3.94,z丁↘忑-16.Z-17,9妩.__Aa龙猪._主,跌.尾反孕Wo,,屎降z↘,-17,-17,-16,1264,True
2023/6/16,1.94,1.94,3.88,z丁↘忑-17.Z-18,7姗.__Bd龙管杂._主,升.尾连oQ.Q2,,屎降z↘,-18,-18,-17,1265,True
2023/6/21,-4.76,-4.76,0.95,z丁↘忑-18.Z-19,7姗.__Fa震正〇._主,(升)人.连后吞QV,,屎降z↘,-19,-19,-18,1266,True
2023/6/30,4.5,4.5,5.5,z丁↘忑-19.Z-20,7姗.__Fa震正〇._主,(升)人.连后吞QVo,,屎降z↘,-20,-20,-19,1267,True
2023/7/7,11.96,11.96,15.79,r己↗忐-20.I,4蛀.__Fe震正根.储,升.尾连oQ.Q2,,屎降r↗.4蛀.__Fe震正根.储.魅6v,1,1,-20,1268,True
2023/7/14,0,0,1.71,r己↗忐-21.B2,4蛀.Df头负.储,升.尾连QQ.Q3,连3,唏待r↗.4蛀.Df头负.储.口1v,2,2,1,1269,True
2023/7/21,-1.71,-1.71,2.99,a甲↗上1.B3,4蛀.Aa龙猪.储,(升)人.连后吞QV,,唏待a↗.4蛀.Aa龙猪.储,3,3,2,1270,True
2023/7/28,2.17,2.17,3.48,a甲↗上2.A4,1柜.Fa震正〇.储,(人)人.吞吞* VO,,唏待a↗.1柜.Fa震正〇.储,4,4,3,1271,True
2023/8/4,0.43,0.43,3.83,a甲↗上3.A5,1柜.Aa龙猪.储,升.尾连OQ.Q2,,唏待a↗.1柜.Aa龙猪.储,5,5,4,1272,True
2023/8/11,3.39,3.39,5.51,a甲↗上4.A6,1柜.Aa龙猪.初,升.尾连QQ.Q3,连3,银升a↗.1柜.Aa龙猪.初,6,6,5,1273,True
2023/8/18,-4.51,-4.51,-0.82,a甲↗上5.A7,1柜.Aa龙猪.初,(升)人.连后吞QV,,唏待a↗.1柜.Aa龙猪.初,7,7,6,1274,True
2023/8/25,-2.58,-2.58,0.86,b乙→中6.Y,5蛀.__Ff震负._再D,跌.尾连VW.W2,,屎降b→.5蛀.__Ff震负._再D.魅6u,-1,8,-1,1275,True
2023/9/1,1.32,1.32,4.41,b乙→中7.Z-2,5蛀.__Ff震负._再D,跌.尾反孕Wo,,屎降b→.5蛀.__Ff震负._再D.魅6u,-2,9,-2,1276,True
2023/9/8,-1.74,-1.74,0.87,c丙↘下8.Z-3,5蛀.__Df头负._再D,跌.尾吞oV,,屎降c↘.逃5I,-3,-1,-3,1277,True
2023/9/15,-3.1,-3.1,0.44,z丁↘忑-1.Z-4,9妩.__Aa龙猪._再D,跌.尾连VW.W2,,屎降z↘,-4,-2,-4,1278,True
2023/9/22,1.37,1.37,3.2,z丁↘忑-2.Z-5,9妩.__Aa龙猪._再D,跌.尾反孕Wo,,屎降z↘,-5,-3,-5,1279,True
2023/9/28,-1.35,-1.35,-0.45,z丁↘忑-3.Z-6,9妩.__Aa龙猪._再D,(跌)人.孕孕ov,,屎降z↘,-6,-4,-6,1280,True
2023/10/13,-0.46,-0.46,1.83,z丁↘忑-4.Z-7,9妩.__Aa龙猪._再D,跌.尾连vW.W2,,屎降z↘,-7,-5,-7,1281,True
2023/10/20,0,0,1.83,z丁↘忑-5.Z-8,8姖.__Aa龙猪._主,(跌)人.连后吞WO,,屎降z↘,-8,-6,-8,1282,True
2023/10/27,1.83,1.83,2.75,y戊↘忠-6.I,4蛀.__Be龙管根._主,升.尾连OQ.Q2,,屎降y↘,1,-7,-9,1283,True
2023/11/3,2.7,2.7,3.6,r己↗忐-7.B2,4蛀.__Fe震正根.储,升.尾连QQ.Q3,,屎降r↗.4蛀.__Fe震正根.储.魅6v,2,1,-10,1284,True
2023/11/10,-0.44,-0.44,2.63,r己↗忐-8.B3,4蛀.__Fe震正根.储,升.尾反孕Qv,,屎降r↗.4蛀.__Fe震正根.储.魅6v,3,2,-11,1285,True
2023/11/17,0.88,0.88,3.08,a甲↗上1.A4,0橅.Aa龙猪.储,升.尾吞vO,,唏待a↗.0橅.Aa龙猪.储,4,3,1,1286,True
2023/11/24,6.55,6.55,8.3,a甲↗上2.A5,0橅.Aa龙猪.初,升.尾连OQ.Q2,,银升a↗.0橅.Aa龙猪.初,5,4,2,1287,True
2023/12/1,-5.33,-5.33,0,a甲↗上3.A6,1柜.Aa龙猪.初,(升)人.连后吞QV,,银升a↗.1柜.Aa龙猪.初,6,5,3,1288,True
2023/12/8,0.87,0.87,1.3,a甲↗上4.A7,1柜.Aa龙猪.初,(升)人.连后吞QVo,,唏待a↗.1柜.Aa龙猪.初,7,6,4,1289,True
2023/12/15,-0.86,-0.86,2.15,a甲↗上5.A8,1柜.Fa震正〇.初,(人)人.孕孕vo,,唏待a↗.1柜.Fa震正〇.初,8,7,5,1290,True
2023/12/22,-2.16,-2.16,0,c丙↘下6.Y,5蛀.__Df头负._破,跌.尾连vW.W2,,屎降c↘.逃4v,-1,-1,-1,1291,True
2023/12/29,1.33,1.33,1.77,c丙↘下7.Z-2,5蛀.Fe震正根.破,跌.尾反孕Wo,,唏待c↘.被3v,-2,-2,1,1292,True
2024/1/5,-0.44,-0.44,2.62,c丙↘下8.Z-3,5蛀.__Df头负._破,(跌)人.孕孕ov,,屎降c↘.逃4v,-3,-3,-1,1293,True
2024/1/12,-2.63,-2.63,-0.44,z丁↘忑-1.Z-4,9妩.__Aa龙猪._初,跌.尾连vW.W2,,屎降z↘,-4,-4,-2,1294,True
2024/1/19,-2.25,-2.25,0.45,z丁↘忑-2.Z-5,9妩.__Aa龙猪._初,跌.尾连WW.W3,,屎降z↘,-5,-5,-3,1295,True
2024/1/26,4.15,4.15,6.45,z丁↘忑-3.Z-6,8姖.__Aa龙猪._初,(跌)人.连后吞WO,,屎降z↘,-6,-6,-4,1296,True
2024/2/2,-15.49,-15.49,0.44,z丁↘忑-4.Z-7,8姖.__Aa龙猪._初,(人)人.吞吞* OV,,屎降z↘,-7,-7,-5,1297,True
2024/2/8,0,0,0,z丁↘忑-5.Z-8,8姖.__Aa龙猪._主,(人)人.吞吞* OV,,屎降z↘,-8,-8,-6,1298,True
2024/2/23,5.76,5.76,6.28,z丁↘忑-6.Z-9,7姗.__Bd龙管杂._主,升.尾连oQ.Q2,,屎降z↘,-9,-9,-7,1299,True
2024/3/1,0.5,0.5,4.46,z丁↘忑-7.Z-10,6娝.__Bc龙管栅._主,升.尾连QQ.Q3,,屎降z↘,-10,-10,-8,1300,True
2024/3/8,-0.99,-0.99,2.46,z丁↘忑-8.Z-11,6娝.__Fa震正〇._主,升.尾反孕Qv,,屎降z↘,-11,-11,-9,1301,True
2024/3/15,3.48,3.48,5.47,y戊↘忠-9.I,4蛀.__Fe震正根._主,升.尾吞vO,,屎降y↘,1,-12,-10,1302,True
2024/3/22,-2.88,-2.88,0.96,y戊↘忑-10.Y暂,5暂.__Fa震正〇._主,升.尾反孕vOv,,屎降y↘,-1,-13,-11,1303,True
2024/3/29,-3.47,-3.47,-0.5,y戊↘忑-11.Z-2暂,5暂.__Fa震正〇._主,跌.尾连vW.W2,,屎降y↘,-2,-14,-12,1304,True
2024/4/3,2.56,2.56,4.1,y戊↘忑-12.Z-3暂,5暂.__Fa震正〇._主,跌.尾反孕Wo,,屎降y↘,-3,-15,-13,1305,True
2024/4/12,-0.5,-0.5,4,y戊↘忑-13.Z-4,9妩.__Fa震正〇._主,(跌)人.孕孕ov,,屎降y↘,-4,-16,-14,1306,True
2024/4/19,-7.54,-7.54,0,y戊↘忑-14.Z-5,9妩.__Fa震正〇._主,跌.尾连vW.W2,,屎降y↘,-5,-17,-15,1307,True
2024/4/26,9.24,9.24,9.24,y戊↘忠-15.I,4蛀.__Fe震正根._主,(跌)人.连后吞WO,,屎降y↘,1,-18,-16,1308,True
2024/4/30,8.46,8.46,8.46,r己↗忐-16.B2,4蛀.Df头负.储,升.尾连OQ.Q2,,唏待r↗.4蛀.Df头负.储.口1v,2,1,1,1309,True
2024/5/10,1.38,1.38,3.21,a甲↗上1.B3,4蛀.Aa龙猪.储,升.尾连QQ.Q3,连3,唏待a↗.4蛀.Aa龙猪.储,3,2,2,1310,True
2024/5/17,15.84,15.84,15.84,a甲↗上2.A4,0橅.Aa龙猪.初,升.尾连QQ.Q4,高连4,银升a↗.0橅.Aa龙猪.初,4,3,3,1311,True
2024/5/24,0,0,1.95,a甲↗上3.A5,0橅.Aa龙猪.初,升.尾连QQ.Q5,连5,银升a↗.0橅.Aa龙猪.初,5,4,4,1312,True
2024/5/31,0.78,0.78,0.78,a甲↗上4.A6,0橅.Aa龙猪.初,升.尾连QQ.Q6,连6,银升a↗.0橅.Aa龙猪.初,6,5,5,1313,True
2024/6/6,-8.53,-8.53,-0.78,a甲↗上5.A7,1柜.Aa龙猪.初,(升)人.连后吞QV,,银升a↗.1柜.Aa龙猪.初,7,6,6,1314,True
2024/6/14,17.37,17.37,22.88,a甲↗上6.A8,1柜.Aa龙猪.初,(人)人.吞吞* VO,高,银升a↗.1柜.Aa龙猪.初,8,7,7,1315,True
2024/6/21,-0.72,-0.72,10.11,a甲↗上7.A9,1柜.Aa龙猪.主,(人)人.吞吞* VO,,金升a↗.1柜.Aa龙猪.主,9,8,8,1316,True
2024/6/28,1.45,1.45,5.09,a甲↗上8.A10,1柜.Aa龙猪.主,升.尾吞vO,,金升a↗.1柜.Aa龙猪.主,10,9,9,1317,True
2024/7/5,-7.53,-7.53,0.72,a甲↗上9.A11,1柜.Aa龙猪.主,(升)人.吞吞vOV,,金升a↗.1柜.Aa龙猪.主,11,10,10,1318,True
2024/7/12,-1.94,-1.94,1.16,b乙→中10.Y,5蛀.Fe震正根.主,跌.尾连VW.W2,,金升b→.5蛀.Fe震正根.主,-1,11,11,1319,True
2024/7/19,-2.77,-2.77,1.98,b乙→中11.Z-2,5蛀.Fe震正根.主,跌.尾连WW.W3,,金升b→.5蛀.Fe震正根.主,-2,12,12,1320,True
2024/7/26,-1.63,-1.63,1.63,c丙↘下12.Z-3,5蛀.Fe震正根.破,跌.尾连WW.W4,,金升c↘.被3v,-3,-1,13,1321,True
2024/8/2,1.65,1.65,5.37,c丙↘下13.Z-4,8姖.Fe震正根.破,(跌)人.连后吞WO,,金升c↘.被3v,-4,-2,14,1322,True
2024/8/9,-4.07,-4.07,0.81,c丙↘下14.Z-5,8姖.Fe震正根.破,(人)人.吞吞* OV,,金升c↘.被3v,-5,-3,15,1323,True
2024/8/16,-2.54,-2.54,0.85,z丁↘忑-1.Z-6,8姖.__Aa龙猪._破,跌.尾连VW.W2,,嘘待z↘,-6,-4,-1,1324,True
2024/8/23,-4.78,-4.78,0.43,z丁↘忑-2.Z-7,8姖.__Aa龙猪._初,跌.尾连WW.W3,,尿降z↘,-7,-5,-2,1325,True
2024/8/30,3.65,3.65,5.02,z丁↘忑-3.Z-8,9妩.__Aa龙猪._初,跌.尾反孕Wo,,尿降z↘,-8,-6,-3,1326,True
2024/9/6,-1.76,-1.76,6.17,z丁↘忑-4.Z-9,9妩.__Aa龙猪._初,(跌)人.孕孕ov,,尿降z↘,-9,-7,-4,1327,True
2024/9/13,2.69,2.69,5.38,z丁↘忑-5.Z-10,8姖.__Fa震正〇._初,升.尾吞vO,,尿降z↘,-10,-8,-5,1328,True
2024/9/20,3.06,3.06,4.37,y戊↘忠-6.I,4蛀.__Fe震正根._初,升.尾连OQ.Q2,,嘘待y↘,1,-9,-6,1329,True
2024/9/27,10.17,10.17,11.86,r己↗忐-7.B2,4蛀.Df头负.再D,升.尾连QQ.Q3,连3,金升r↗.4蛀.Df头负.再D.口2I,2,1,1,1330,True
2024/9/30,7.31,7.31,9.23,a甲↗上1.B3,4蛀.Aa龙猪.再D,升.尾连QQ.Q4,连4,金升a↗.4蛀.Aa龙猪.再D,3,2,2,1331,True
2024/10/11,-7.53,-7.53,10.04,a甲↗上2.A4,1柜.Aa龙猪.再D,(升)人.连后吞QV,宽,金升a↗.1柜.Aa龙猪.再D,4,3,3,1332,True
2024/10/18,-0.39,-0.39,2.33,a甲↗上3.A5,2栅.Bc龙管栅.再D,跌.尾连VW.W2,,金升a↗.2栅.Bc龙管栅.再D,5,4,4,1333,True
2024/10/25,22.57,22.57,26.46,a甲↗上4.A6,2栅.Bc龙管栅.再D,(跌)人.连后吞WO,宽高,金升a↗.2栅.Bc龙管栅.再D,6,5,5,1334,True
2024/11/1,9.21,9.21,20.32,a甲↗上5.A7,2栅.Bc龙管栅.主,升.尾连OQ.Q2,宽高,金升a↗.2栅.Bc龙管栅.主,7,6,6,1335,True
2024/11/8,14.83,14.83,14.83,a甲↗上6.A8,2栅.Bc龙管栅.主,升.尾连QQ.Q3,宽连3,金升a↗.2栅.Bc龙管栅.主,8,7,7,1336,True
2024/11/15,-12.15,-12.15,7.59,a甲↗上7.A9,0橅.Aa龙猪.主,升.尾反孕Qv,宽,金升a↗.0橅.Aa龙猪.主,9,8,8,1337,True
2024/11/22,-4.32,-4.32,3.46,a甲↗上8.A10,2栅.Bc龙管栅.主,跌.尾连vW.W2,宽,金升a↗.2栅.Bc龙管栅.主,10,9,9,1338,True
2024/11/29,5.72,5.72,9.34,a甲↗上9.A11,2栅.Bc龙管栅.主,(跌)人.连后吞WO,宽,金升a↗.2栅.Bc龙管栅.主,11,10,10,1339,True
2024/12/6,5.13,5.13,6.84,a甲↗上10.A12,2栅.Fa震正〇.主,升.尾连OQ.Q2,宽,金升a↗.2栅.Fa震正〇.主,12,11,11,1340,True
2024/12/13,-3.25,-3.25,2.98,a甲↗上11.A13,2栅.Fa震正〇.主,升.尾反孕Qv,宽,金升a↗.2栅.Fa震正〇.主,13,12,12,1341,True
2024/12/20,-3.08,-3.08,1.12,a甲↗上12.A14,2栅.Fa震正〇.主,跌.尾连vW.W2,,金升a↗.2栅.Fa震正〇.主,14,13,13,1342,True
2024/12/27,-7.8,-7.8,-0.29,b乙→中13.Y,5蛀.Fe震正根.主,跌.尾连WW.W3,,金升b→.5蛀.Fe震正根.主,-1,14,14,1343,True
2025/1/3,-10.66,-10.66,0.63,c丙↘下14.Z-2,5蛀.Fe震正根.破,跌.尾连WW.W4,,金升c↘.被3v,-2,-1,15,1344,True
2025/1/10,-3.86,-3.86,1.4,z丁↘忑-1.Z-3,5蛀.__Aa龙猪._破,跌.尾连WW.W5,,嘘待z↘,-3,-2,-1,1345,True
2025/1/17,5.47,5.47,13.14,z丁↘忑-2.Z-4,8姖.__Aa龙猪._破,(跌)人.连后吞WO,,嘘待z↘,-4,-3,-2,1346,True
2025/1/24,0.35,0.35,3.46,z丁↘忑-3.Z-5,7姗.__Bd龙管杂._破,升.尾连OQ.Q2,,嘘待z↘,-5,-4,-3,1347,True
2025/1/27,-0.69,-0.69,1.72,z丁↘忑-4.Z-6,7姗.__Bd龙管杂._破,(升)人.连后吞QV,,嘘待z↘,-6,-5,-4,1348,True
2025/2/7,6.6,6.6,7.99,y戊↘忠-5.I,4蛀.Ff震负.再C,(人)人.吞吞* VO,,金升y↘.警3h,1,-6,1,1349,True
2025/2/14,0.33,0.33,3.91,r己↗忐-6.B2,4蛀.Df头负.再C,升.尾连OQ.Q2,,金升r↗.4蛀.Df头负.再C.口2I,2,1,2,1350,True
2025/2/21,7.47,7.47,12.01,r己↗忐-7.B3,4蛀.Df头负.再C,升.尾连QQ.Q3,连3,金升r↗.4蛀.Df头负.再C.口2I,3,2,3,1351,True
2025/2/28,-7.55,-7.55,2.11,a甲↗上1.A4,1柜.Dd头正芽.再C,(升)人.连后吞QV,,金升a↗.1柜.Dd头正芽.再C,4,3,4,1352,True
2025/3/7,0.33,0.33,3.27,b乙→中2.Y,5蛀.De头正根.再C,(升)人.连后吞QVo,,金升b→.5蛀.De头正根.再C,-1,4,5,1353,True
2025/3/14,0,0,2.28,c丙↘下3.Z-2,5蛀.Fe震正根.破,升.尾连oQ.Q2,,金升c↘.被3v,-2,-1,6,1354,True
2025/3/21,-2.93,-2.93,1.3,z丁↘忑-1.Z-3,5蛀.Ff震负.破,(升)人.连后吞QV,,金升z↘.警3w,-3,-2,7,1355,True
2025/3/28,-3.36,-3.36,0,z丁↘忑-2.Z-4,7姗.__Fa震正〇._破,跌.尾连VW.W2,,嘘待z↘,-4,-3,-1,1356,True
2025/4/3,-2.78,-2.78,-1.74,z丁↘忑-3.Z-5,7姗.__Bd龙管杂._初,跌.尾连WW.W3,,嘘待z↘,-5,-4,-2,1357,True
2025/4/11,-7.86,-7.86,-3.57,z丁↘忑-4.Z-6,9妩.__Aa龙猪._初,跌.尾连WW.W4,,尿降z↘,-6,-5,-3,1358,True
2025/4/18,-0.78,-0.78,2.33,z丁↘忑-5.Z-7,9妩.__Aa龙猪._初,跌.尾连WW.W5,,尿降z↘,-7,-6,-4,1359,True
2025/4/25,0.78,0.78,4.3,z丁↘忑-6.Z-8,9妩.__Aa龙猪._初,跌.尾反孕Wo,,尿降z↘,-8,-7,-5,1360,True
2025/4/30,-0.39,-0.39,1.16,z丁↘忑-7.Z-9,9妩.__Fa震正〇._初,(跌)人.孕孕ov,,尿降z↘,-9,-8,-6,1361,True
2025/5/9,2.33,2.33,7,z丁↘忑-8.Z-10,8姖.__Fa震正〇._初,升.尾吞vO,,尿降z↘,-10,-9,-7,1362,True
2025/5/16,0,0,3.04,z丁↘忑-9.Z-11,7姗.__Fa震正〇._主,升.尾连OQ.Q2,,尿降z↘,-11,-10,-8,1363,True
2025/5/23,1.52,1.52,9.51,y戊↘忠-10.I,4蛀.__Fe震正根._主,升.尾连QQ.Q3,,尿降y↘,1,-11,-9,1364,True
2025/5/30,0,0,2.25,y戊↘忠-11.B2,4蛀.__Fe震正根._主,升.尾连QQ.Q4,,尿降y↘,2,-12,-10,1365,True
2025/6/6,1.5,1.5,2.25,y戊↘忠-12.B3,4蛀.__Fe震正根._主,升.尾连QQ.Q5,,尿降y↘,3,-13,-11,1366,True
2025/6/13,-3.32,-3.32,2.58,y戊↘忑-13.Y暂,5暂.__Fa震正〇._主,(升)人.连后吞QV,,尿降y↘,-1,-14,-12,1367,True
2025/6/20,-2.29,-2.29,0.38,y戊↘忑-14.Z-2暂,5暂.__Fa震正〇._主,跌.尾连VW.W2,,尿降y↘,-2,-15,-13,1368,True
2025/6/27,3.91,3.91,5.08,y戊↘忠-15.I暂,4暂.__Fe震正根._主,(跌)人.连后吞WO,,尿降y↘,1,-16,-14,1369,True
2025/7/4,-1.13,-1.13,2.63,y戊↘忑-16.Y暂,5暂.__Fa震正〇._主,(跌)人.连后吞WOv,,尿降y↘,-1,-17,-15,1370,True
2025/7/11,4.94,4.94,5.7,r己↗忐-17.I暂,4暂.__Fe震正根.储,升.尾吞vO,,尿降r↗.4暂.__Fe震正根.储.魅6v,1,1,-16,1371,True
2025/7/18,-2.9,-2.9,0,r己↗忐-18.B2暂,4暂.__Fe震正根.储,升.尾反孕vOv,,尿降r↗.4暂.__Fe震正根.储.魅6v,2,2,-17,1372,True
2025/7/25,3.73,3.73,3.73,a甲↗上1.B3暂,4暂.__Ff震负.储,升.尾吞vO,,嘘待a↗.4暂.__Ff震负.储.魅6w,3,3,-18,1373,True
2025/8/1,-4.32,-4.32,0.36,c丙↘下2.Y暂,5暂.__Df头负._再C,(升)人.吞吞vOV,,尿降c↘.逃5I,-1,-1,-19,1374,True
2025/8/8,1.13,1.13,4.14,c丙↘下3.Z-2暂,5暂.__Df头负._再C,(升)人.吞吞vOVo,,尿降c↘.逃5I,-2,-2,-20,1375,True
2025/8/15,0,0,4.83,z丁↘忑-1.Z-3暂,5暂.__Fa震正〇._再C,升.尾连oQ.Q2,,尿降z↘,-3,-3,-21,1376,True
2025/8/22,5.58,5.58,7.81,a甲↗上1.I暂,4暂.Aa龙猪.储,升.尾连QQ.Q3,连3,金升a↗.4暂.Aa龙猪.储,1,1,1,1377,True
2025/8/29,7.75,7.75,7.75,a甲↗上2.B2暂,4暂.Aa龙猪.初,升.尾连QQ.Q4,连4,金升a↗.4暂.Aa龙猪.初,2,2,2,1378,True
2025/9/5,-6.54,-6.54,4.25,a甲↗上3.B3暂,4暂.Aa龙猪.初,升.尾反孕Qv,,金升a↗.4暂.Aa龙猪.初,3,3,3,1379,True
2025/9/12,1.4,1.4,2.45,a甲↗上4.A4,0橅.Aa龙猪.初,(升)人.孕孕vo,,金升a↗.0橅.Aa龙猪.初,4,4,4,1380,True
2025/9/19,-1.72,-1.72,4.14,a甲↗上5.A5,1柜.Aa龙猪.初,跌.尾吞oV,,金升a↗.1柜.Aa龙猪.初,5,5,5,1381,True
2025/9/26,-6.32,-6.32,-0.35,c丙↘下6.Y,5蛀.__Df头负._破,跌.尾连VW.W2,,尿降c↘.逃4v,-1,-1,-1,1382,True
2025/9/30,-1.12,-1.12,0.37,z丁↘忑-1.Z-2,5蛀.__Aa龙猪._初,跌.尾连WW.W3,,尿降z↘,-2,-2,-2,1383,True
2025/10/10,1.89,1.89,2.65,z丁↘忑-2.Z-3,5蛀.__Aa龙猪._初,(跌)人.连后吞WO,,尿降z↘,-3,-3,-3,1384,True
2025/10/17,-4.83,-4.83,1.12,z丁↘忑-3.Z-4,8姖.__Aa龙猪._初,(人)人.吞吞* OV,,尿降z↘,-4,-4,-4,1385,True
2025/10/24,3.52,3.52,5.86,z丁↘忑-4.Z-5,6娝.__Bc龙管栅._初,(人)人.吞吞* VO,,尿降z↘,-5,-5,-5,1386,True
2025/10/31,2.64,2.64,5.28,y戊↘忠-5.I,4蛀.__Be龙管根._初,升.尾连OQ.Q2,,尿降y↘,1,-6,-6,1387,True
2025/11/7,-0.37,-0.37,2.21,y戊↘忠-6.B2,4蛀.__Fe震正根._主,升.尾反孕Qv,,尿降y↘,2,-7,-7,1388,True
2025/11/14,4.43,4.43,5.9,r己↗忐-7.B3,4蛀.Df头负.储,升.尾吞vO,,金升r↗.4蛀.Df头负.储.口1v,3,1,1,1389,True
2025/11/21,-3.18,-3.18,3.53,a甲↗上1.A4,0橅.Dd头正芽.储,升.尾反孕vOv,,金升a↗.0橅.Dd头正芽.储,4,2,2,1390,True
2025/11/28,2.92,2.92,4.01,a甲↗上2.A5,0橅.Dd头正芽.初,(升)人.孕孕vo,,金升a↗.0橅.Dd头正芽.初,5,3,3,1391,True
2025/12/5,-3.19,-3.19,3.19,b乙→中3.Y,5蛀.De头正根.初,跌.尾吞oV,,金升b→.5蛀.De头正根.初,-1,4,4,1392,True
2025/12/12,-3.66,-3.66,1.1,z丁↘忑-1.Z-2,5蛀.__Fa震正〇._再D,跌.尾连VW.W2,,尿降z↘,-2,-1,-1,1393,True
2025/12/19,0.76,0.76,0.76,z丁↘忑-2.Z-3,5蛀.__Aa龙猪._再D,跌.尾反孕Wo,,尿降z↘,-3,-2,-2,1394,True
2025/12/26,-0.75,-0.75,0.38,z丁↘忑-3.Z-4,9妩.__Aa龙猪._再D,(跌)人.孕孕ov,,屎降z↘,-4,-3,-3,1395,True
2025/12/31,0.38,0.38,2.28,z丁↘忑-4.Z-5,9妩.__Aa龙猪._再D,(人)人.孕孕vo,,屎降z↘,-5,-4,-4,1396,True
2026/1/9,3.03,3.03,3.41,y戊↘忠-5.I,4蛀.__Fe震正根._再B,升.尾连oQ.Q2,,屎降y↘,1,-5,-5,1397,True
2026/1/16,-1.47,-1.47,5.15,y戊↘忠-6.B2,4蛀.__Fe震正根._主,升.尾反孕Qv,,屎降y↘,2,-6,-6,1398,True
2026/1/23,7.84,7.84,10.82,a甲↗上1.B3,4蛀.Aa龙猪.初,升.尾吞vO,,银升a↗.4蛀.Aa龙猪.初,3,1,1,1399,True
2026/1/30,-0.35,-0.35,1.38,a甲↗上2.A4,0橅.Aa龙猪.初,升.尾反孕vOv,,金升a↗.0橅.Aa龙猪.初,4,2,2,1400,True
2026/2/6,0.35,0.35,3.12,a甲↗上3.A5,0橅.Aa龙猪.初,(升)人.孕孕vo,,金升a↗.0橅.Aa龙猪.初,5,3,3,1401,True
2026/2/13,17.3,17.3,17.3,a甲↗上4.A6,0橅.Aa龙猪.初,升.尾连oQ.Q2,高,金升a↗.0橅.Aa龙猪.初,6,4,4,1402,True
2026/2/27,5.9,5.9,11.21,a甲↗上5.A7,0橅.Aa龙猪.初,升.尾连QQ.Q3,连3,金升a↗.0橅.Aa龙猪.初,7,5,5,1403,True
2026/3/6,-7.8,-7.8,-1.95,a甲↗上6.A8,1柜.Aa龙猪.主,(升)人.连后吞QV,,金升a↗.1柜.Aa龙猪.主,8,6,6,1404,True
2026/3/13,9.97,9.97,28.7,a甲↗上7.A9,1柜.Aa龙猪.主,(人)人.吞吞* VO,宽高,金升a↗.1柜.Aa龙猪.主,9,7,7,1405,True
2026/3/20,-5.77,-5.77,5.77,a甲↗上8.A10,1柜.Aa龙猪.主,(人)人.吞吞* VO,宽,金升a↗.1柜.Aa龙猪.主,10,8,8,1406,True
2026/3/27,-0.58,-0.58,3.21,a甲↗上9.A11,2栅.Bc龙管栅.主,跌.尾连vW.W2,宽,金升a↗.2栅.Bc龙管栅.主,11,9,9,1407,True
2026/4/3,-9.38,-9.38,2.05,b乙→中10.Y,5蛀.Fe震正根.主,跌.尾连WW.W3,宽,金升b→.5蛀.Fe震正根.主,-1,10,10,1408,True
2026/4/10,3.56,3.56,7.12,b乙→中11.Z-2,5蛀.Fe震正根.主,跌.尾反孕Wo,宽,金升b→.5蛀.Fe震正根.主,-2,11,11,1409,True
2026/4/17,-0.63,-0.62,4.06,c丙↘下12.Z-3,5蛀.Fe震正根.破,(跌)人.孕孕ov,,金升c↘.被3v,-3,-1,12,1410,True
2026/4/24,-3.14,-3.14,0.94,c丙↘下13.Z-4,9妩.Fe震正根.破,跌.尾连vW.W2,,金升c↘.被3v,-4,-2,13,1411,True
2026/4/30,-3.57,-3.57,2.27,z丁↘忑-1.Z-5,9妩.__Aa龙猪._破,跌.尾连WW.W3,,嘘待z↘,-5,-3,-1,1412,True
2026/5/8,13.13,13.13,13.13,a甲↗上1.I,4蛀.Dd头正芽.再C,(跌)人.连后吞WO,,金升a↗.4蛀.Dd头正芽.再C,1,1,1,1413,True
2026/5/15,2.38,2.38,6.25,a甲↗上2.B2,4蛀.Dd头正芽.再C,升.尾连OQ.Q2,,金升a↗.4蛀.Dd头正芽.再C,2,2,2,1414,True
2026/5/22,-7.56,-7.56,7.85,a甲↗上3.B3,4蛀.Dd头正芽.再C,(升)人.连后吞QV,,金升a↗.4蛀.Dd头正芽.再C,3,3,3,1415,True
2026/5/29,-5.97,-5.97,0.63,c丙↘下4.Y暂,5暂.__Df头负._破,跌.尾连VW.W2,,嘘待c↘.逃4v,-1,-1,-1,1416,True
2026/6/5,-4.68,-4.68,2.01,z丁↘忑-1.Z-2暂,5暂.__Aa龙猪._破,跌.尾连WW.W3,,尿降z↘,-2,-2,-2,1417,True
2026/6/12,-8.07,-8.07,-1.4,z丁↘忑-2.Z-3暂,5暂.__Aa龙猪._初,跌.尾连WW.W4,,尿降z↘,-3,-3,-3,1418,True
2026/6/18,8.78,8.78,8.78,z丁↘忑-3.Z-4,8姖.__Aa龙猪._初,(跌)人.连后吞WO,,尿降z↘,-4,-4,-4,1419,True
2026/6/26,-7.37,-7.37,7.02,z丁↘忑-4.Z-5,8姖.__Aa龙猪._初,(人)人.吞吞* OV,,尿降z↘,-5,-5,-5,1420,True
2026/7/3,-2.27,-2.27,1.52,z丁↘忑-5.Z-6,8姖.__Aa龙猪._初,跌.尾连VW.W2,,尿降z↘,-6,-6,-6,1421,True
2026/7/10,-4.26,-4.26,2.33,z丁↘忑-6.Z-7,8姖.__Aa龙猪._初,跌.尾连WW.W3,,尿降z↘,-7,-7,-7,1422,True
2026/7/16,-1.21,-1.21,2.02,z丁↘忑-7.Z-8,9妩.__Aa龙猪._初,跌.尾连WW.W4,,尿降z↘,-8,-8,-8,1423,True
