主期,周涨,PR,HR,WXAB,波型,柱排周,盈提示,WXCD,ZA周,ZB周,ZC周,周龄,周键
1997/7/4,-14.19,-14.19,3.87,z丁↘忑-1.Y,5蛀.__Aa龙猪._初,错.未赋值,,屎降z↘,-1,-1,-1,1,True
1997/7/11,10.53,10.53,12.03,r己↗忐-2.I暂,4暂.Df头负.储,(人)人.孕孕vo,,银升r↗.4暂.Df头负.储.口1v,1,1,1,2,True
1997/7/18,7.48,7.48,11.56,a甲↗上1.B2暂,4暂.Aa龙猪.初,升.尾连oQ.Q2,,金升a↗.4暂.Aa龙猪.初,2,2,2,3,True
1997/7/25,-3.8,-3.8,6.33,a甲↗上2.B3暂,4暂.Aa龙猪.初,升.尾反孕Qv,,金升a↗.4暂.Aa龙猪.初,3,3,3,4,True
1997/8/1,1.97,1.97,4.61,a甲↗上3.A4,0橅.Aa龙猪.初,(升)人.孕孕vo,,金升a↗.0橅.Aa龙猪.初,4,4,4,5,True
1997/8/8,-1.29,-1.29,1.94,a甲↗上4.A5,0橅.Aa龙猪.初,(人)人.孕孕vo,,金升a↗.0橅.Aa龙猪.初,5,5,5,6,True
1997/8/15,-5.88,-5.88,1.31,c丙↘下5.Y,5蛀.Fe震正根.破,跌.尾连vW.W2,,金升c↘.被3v,-1,-1,6,7,True
1997/8/22,-4.86,-4.86,2.08,c丙↘下6.Z-2,5蛀.__Df头负._破,跌.尾连WW.W3,,尿降c↘.逃4v,-2,-2,-1,8,True
1997/8/29,0.73,0.73,0.73,z丁↘忑-1.Z-3,5蛀.__Fa震正〇._初,跌.尾反孕Wo,,尿降z↘,-3,-3,-2,9,True
1997/9/5,5.07,5.07,5.07,z丁↘忑-2.Z-4,7姗.__Fa震正〇._初,升.尾连oQ.Q2,,尿降z↘,-4,-4,-3,10,True
1997/9/12,-1.38,-1.38,0.69,z丁↘忑-3.Z-5,7姗.__Fa震正〇._初,升.尾反孕Qv,,尿降z↘,-5,-5,-4,11,True
1997/9/19,-1.4,-1.4,1.4,z丁↘忑-4.Z-6,7姗.__Fa震正〇._初,跌.尾连vW.W2,,尿降z↘,-6,-6,-5,12,True
1997/9/26,-7.09,-7.09,0,z丁↘忑-5.Z-7,7姗.__Bd龙管杂._初,跌.尾连WW.W3,,尿降z↘,-7,-7,-6,13,True
1997/9/30,-1.53,-1.53,0,z丁↘忑-6.Z-8,9妩.__Aa龙猪._初,跌.尾连WW.W4,,屎降z↘,-8,-8,-7,14,True
1997/10/10,1.55,1.55,3.1,z丁↘忑-7.Z-9,8姖.__Aa龙猪._初,(跌)人.连后吞WO,,屎降z↘,-9,-9,-8,15,True
1997/10/17,2.29,2.29,3.82,z丁↘忑-8.Z-10,7姗.__Bd龙管杂._主,升.尾连OQ.Q2,,屎降z↘,-10,-10,-9,16,True
1997/10/24,-2.24,-2.24,2.24,z丁↘忑-9.Z-11,7姗.__Bd龙管杂._主,升.尾反孕Qv,,屎降z↘,-11,-11,-10,17,True
1997/10/31,2.29,2.29,7.63,z丁↘忑-10.Z-12,7姗.__Bd龙管杂._主,(升)人.孕孕vo,,屎降z↘,-12,-12,-11,18,True
1997/11/7,2.99,2.99,2.99,y戊↘忠-11.I,4蛀.__Fe震正根._主,升.尾连oQ.Q2,,屎降y↘,1,-13,-12,19,True
1997/11/14,2.17,2.17,3.62,r己↗忐-12.B2,4蛀.__Fe震正根.储,升.尾连QQ.Q3,,屎降r↗.4蛀.__Fe震正根.储.魅6v,2,1,-13,20,True
1997/11/21,-3.55,-3.55,2.13,r己↗忐-13.B3,4蛀.__Fe震正根.储,(升)人.连后吞QV,,屎降r↗.4蛀.__Fe震正根.储.魅6v,3,2,-14,21,True
1997/11/28,1.47,1.47,2.21,r己↗忐-14.A4,1柜.__Fe震正根.储,(升)人.连后吞QVo,,屎降r↗.1柜.__Fe震正根.储.魅6v,4,3,-15,22,True
1997/12/5,5.07,5.07,7.25,a甲↗上1.A5,1柜.Aa龙猪.储,升.尾连oQ.Q2,,银升a↗.1柜.Aa龙猪.储,5,4,1,23,True
1997/12/12,4.83,4.83,6.21,a甲↗上2.A6,1柜.Aa龙猪.初,升.尾连QQ.Q3,连3,银升a↗.1柜.Aa龙猪.初,6,5,2,24,True
1997/12/19,4.61,4.61,4.61,a甲↗上3.A7,0橅.Aa龙猪.初,升.尾连QQ.Q4,连4,银升a↗.0橅.Aa龙猪.初,7,6,3,25,True
1997/12/26,8.81,8.81,15.09,a甲↗上4.A8,0橅.Aa龙猪.初,升.尾连QQ.Q5,高连5,金升a↗.0橅.Aa龙猪.初,8,7,4,26,True
1997/12/31,0.58,0.58,1.16,a甲↗上5.A9,0橅.Aa龙猪.初,升.尾连QQ.Q6,连6,金升a↗.0橅.Aa龙猪.初,9,8,5,27,True
1998/1/9,0.57,0.57,5.17,a甲↗上6.A10,0橅.Aa龙猪.初,升.尾连QQ.Q7,连7,金升a↗.0橅.Aa龙猪.初,10,9,6,28,True
1998/1/16,0,0,3.43,a甲↗上7.A11,0橅.Aa龙猪.主,升.尾连QQ.Q8,连8,金升a↗.0橅.Aa龙猪.主,11,10,7,29,True
1998/1/23,5.71,5.71,8.57,a甲↗上8.A12,0橅.Aa龙猪.主,升.尾连QQ.Q9,连9,金升a↗.0橅.Aa龙猪.主,12,11,8,30,True
1998/2/13,-4.32,-4.32,4.86,a甲↗上9.A13,1柜.Aa龙猪.主,(升)人.连后吞QV,,金升a↗.1柜.Aa龙猪.主,13,12,9,31,True
1998/2/20,-0.56,-0.56,1.13,a甲↗上10.A14,2栅.Bc龙管栅.主,跌.尾连VW.W2,,金升a↗.2栅.Bc龙管栅.主,14,13,10,32,True
1998/2/27,-7.95,-7.95,-0.57,b乙→中11.Y,5蛀.Be龙管根.主,跌.尾连WW.W3,,金升b→.5蛀.Be龙管根.主,-1,14,11,33,True
1998/3/6,-4.94,-4.94,-0.62,c丙↘下12.Z-2,5蛀.Fe震正根.破,跌.尾连WW.W4,,金升c↘.被3v,-2,-1,12,34,True
1998/3/13,0.65,0.65,3.25,c丙↘下13.Z-3,5蛀.__Df头负._破,跌.尾反孕Wo,,嘘待c↘.逃4v,-3,-2,-1,35,True
1998/3/20,2.58,2.58,2.58,z丁↘忑-1.Z-4,7姗.Ff震负.破,升.尾连oQ.Q2,,金升z↘.警3w,-4,-3,1,36,True
1998/3/27,0,0,1.26,z丁↘忑-2.Z-5,6娝.Ff震负.破,升.尾连QQ.Q3,连3,金升z↘.警3w,-5,-4,2,37,True
1998/4/3,3.77,3.77,6.92,r己↗忐-3.I,4蛀.Df头负.再C,升.尾连QQ.Q4,连4,金升r↗.4蛀.Df头负.再C.口2I,1,1,3,38,True
1998/4/10,1.82,1.82,2.42,a甲↗上1.B2,4蛀.Dd头正芽.再C,升.尾连QQ.Q5,连5,金升a↗.4蛀.Dd头正芽.再C,2,2,4,39,True
1998/4/17,-2.38,-2.38,7.74,a甲↗上2.B3,4蛀.Dd头正芽.再C,(升)人.连后吞QV,,金升a↗.4蛀.Dd头正芽.再C,3,3,5,40,True
1998/4/24,4.27,4.27,5.49,a甲↗上3.A4,1柜.Dd头正芽.再C,(人)人.吞吞* VO,,金升a↗.1柜.Dd头正芽.再C,4,4,6,41,True
1998/4/30,5.26,5.26,8.19,a甲↗上4.A5,1柜.Aa龙猪.再C,升.尾连OQ.Q2,,金升a↗.1柜.Aa龙猪.再C,5,5,7,42,True
1998/5/8,-2.22,-2.22,2.22,a甲↗上5.A6,1柜.Aa龙猪.主,升.尾反孕Qv,,金升a↗.1柜.Aa龙猪.主,6,6,8,43,True
1998/5/15,-2.84,-2.84,1.14,a甲↗上6.A7,2栅.Bc龙管栅.主,跌.尾连vW.W2,,金升a↗.2栅.Bc龙管栅.主,7,7,9,44,True
1998/5/22,2.34,2.34,3.51,a甲↗上7.A8,2栅.Fa震正〇.主,跌.尾反孕Wo,,金升a↗.2栅.Fa震正〇.主,8,8,10,45,True
1998/5/29,1.14,1.14,2.29,a甲↗上8.A9,2栅.Fa震正〇.主,升.尾连oQ.Q2,,金升a↗.2栅.Fa震正〇.主,9,9,11,46,True
1998/6/5,1.13,1.13,6.78,a甲↗上9.A10,2栅.Bc龙管栅.主,升.尾连QQ.Q3,连3,金升a↗.2栅.Bc龙管栅.主,10,10,12,47,True
1998/6/12,2.79,2.79,2.79,a甲↗上10.A11,0橅.Aa龙猪.主,升.尾连QQ.Q4,连4,金升a↗.0橅.Aa龙猪.主,11,11,13,48,True
1998/6/19,9.24,9.24,9.24,a甲↗上11.A12,0橅.Aa龙猪.主,升.尾连QQ.Q5,连5,金升a↗.0橅.Aa龙猪.主,12,12,14,49,True
1998/6/26,3.48,3.48,11.44,a甲↗上12.A13,0橅.Aa龙猪.主,升.尾连QQ.Q6,连6,金升a↗.0橅.Aa龙猪.主,13,13,15,50,True
1998/7/3,1.92,1.92,1.92,a甲↗上13.A14,0橅.Aa龙猪.主,升.尾连QQ.Q7,连7,金升a↗.0橅.Aa龙猪.主,14,14,16,51,True
1998/7/10,1.89,1.89,4.25,a甲↗上14.A15,0橅.Aa龙猪.主,升.尾连QQ.Q8,连8,金升a↗.0橅.Aa龙猪.主,15,15,17,52,True
1998/7/17,8.8,8.8,12.5,a甲↗上15.A16,0橅.Aa龙猪.主,升.尾连QQ.Q9,连9,金升a↗.0橅.Aa龙猪.主,16,16,18,53,True
1998/7/24,0,0,0.85,a甲↗上16.A17,0橅.Aa龙猪.主,升.尾连QQ.Q10,连10,金升a↗.0橅.Aa龙猪.主,17,17,19,54,True
1998/7/31,-0.43,-0.43,0.85,a甲↗上17.A18,0橅.Aa龙猪.主,升.尾反孕Qv,,金升a↗.0橅.Aa龙猪.主,18,18,20,55,True
1998/8/7,-3.85,-3.85,0.43,a甲↗上18.A19,2栅.Fa震正〇.主,跌.尾连vW.W2,,金升a↗.2栅.Fa震正〇.主,19,19,21,56,True
1998/8/14,9.33,9.33,10.22,a甲↗上19.A20,2栅.Bc龙管栅.主,(跌)人.连后吞WO,,金升a↗.2栅.Bc龙管栅.主,20,20,22,57,True
1998/8/21,-4.88,-4.88,-0.81,a甲↗上20.A21,2栅.Bc龙管栅.主,(跌)人.连后吞WOv,,金升a↗.2栅.Bc龙管栅.主,21,21,23,58,True
1998/8/28,11.97,11.97,18.38,a甲↗上21.A22,2栅.Bc龙管栅.主,升.尾吞vO,高,金升a↗.2栅.Bc龙管栅.主,22,22,24,59,True
1998/9/4,3.44,3.44,3.82,a甲↗上22.A23,0橅.Aa龙猪.主,升.尾连OQ.Q2,,金升a↗.0橅.Aa龙猪.主,23,23,25,60,True
1998/9/11,5.9,5.9,7.75,a甲↗上23.A24,0橅.Aa龙猪.主,升.尾连QQ.Q3,连3,金升a↗.0橅.Aa龙猪.主,24,24,26,61,True
1998/9/18,1.39,1.39,3.83,a甲↗上24.A25,0橅.Aa龙猪.主,升.尾连QQ.Q4,连4,金升a↗.0橅.Aa龙猪.主,25,25,27,62,True
1998/9/25,-1.72,-1.72,4.81,a甲↗上25.A26,0橅.Aa龙猪.主,升.尾反孕Qv,,金升a↗.0橅.Aa龙猪.主,26,26,28,63,True
1998/9/30,4.55,4.55,4.9,a甲↗上26.A27,0橅.Aa龙猪.主,升.尾吞vO,,金升a↗.0橅.Aa龙猪.主,27,27,29,64,True
1998/10/9,-2.68,-2.68,1.34,a甲↗上27.A28,0橅.Aa龙猪.主,升.尾反孕vOv,,金升a↗.0橅.Aa龙猪.主,28,28,30,65,True
1998/10/16,1.03,1.03,14.43,a甲↗上28.A29,0橅.Aa龙猪.主,(升)人.孕孕vo,,金升a↗.0橅.Aa龙猪.主,29,29,31,66,True
1998/10/23,-3.4,-3.4,0.68,b乙→中29.Y,5蛀.Be龙管根.主,跌.尾吞oV,,金升b→.5蛀.Be龙管根.主,-1,30,32,67,True
1998/10/30,-0.35,-0.35,1.41,b乙→中30.Z-2,5蛀.Be龙管根.主,跌.尾连VW.W2,,金升b→.5蛀.Be龙管根.主,-2,31,33,68,True
1998/11/6,3.18,3.18,4.59,b乙↗上31.I暂,4暂.Fd震正芽.主,(跌)人.连后吞WO,,金升b↗.4暂.Fd震正芽.主,1,32,34,69,True
1998/11/13,0.34,0.34,0.68,b乙↗上32.B2暂,4暂.Fd震正芽.主,升.尾连OQ.Q2,,金升b↗.4暂.Fd震正芽.主,2,33,35,70,True
1998/11/20,-3.07,-3.07,0,b乙→中33.Y暂,5暂.Fe震正根.主,(升)人.连后吞QV,,金升b→.5暂.Fe震正根.主,-1,34,36,71,True
1998/11/27,-1.06,-1.06,0.7,b乙→中34.Z-2暂,5暂.Fe震正根.主,跌.尾连VW.W2,,金升b→.5暂.Fe震正根.主,-2,35,37,72,True
1998/12/4,-3.91,-3.91,0,c丙↘下35.Z-3暂,5暂.Fe震正根.破,跌.尾连WW.W3,,金升c↘.被3v,-3,-1,38,73,True
1998/12/11,-3.7,-3.7,0.74,z丁↘忑-1.Z-4,9妩.Ff震负.破,跌.尾连WW.W4,,金升z↘.警3w,-4,-2,39,74,True
1998/12/18,-6.54,-6.54,0,z丁↘忑-2.Z-5,9妩.__Aa龙猪._破,跌.尾连WW.W5,,嘘待z↘,-5,-3,-1,75,True
1998/12/25,0.41,0.41,1.65,z丁↘忑-3.Z-6,9妩.__Aa龙猪._破,跌.尾反孕Wo,,嘘待z↘,-6,-4,-2,76,True
1998/12/31,0,0,0.82,z丁↘忑-4.Z-7,7姗.__Bd龙管杂._初,升.尾连oQ.Q2,,嘘待z↘,-7,-5,-3,77,True
1999/1/8,-0.41,-0.41,-0.41,z丁↘忑-5.Z-8,7姗.__Bd龙管杂._初,(升)人.连后吞QV,,嘘待z↘,-8,-6,-4,78,True
1999/1/15,-0.41,-0.41,6.58,z丁↘忑-6.Z-9,7姗.__Fa震正〇._初,跌.尾连VW.W2,,嘘待z↘,-9,-7,-5,79,True
1999/1/22,-2.48,-2.48,0.41,z丁↘忑-7.Z-10,7姗.__Fa震正〇._初,跌.尾连WW.W3,,嘘待z↘,-10,-8,-6,80,True
1999/1/29,-5.51,-5.51,0,z丁↘忑-8.Z-11,9妩.__Fa震正〇._初,跌.尾连WW.W4,,嘘待z↘,-11,-9,-7,81,True
1999/2/5,-0.45,-0.45,9.87,z丁↘忑-9.Z-12,9妩.__Aa龙猪._初,跌.尾连WW.W5,,尿降z↘,-12,-10,-8,82,True
1999/2/9,1.35,1.35,1.8,z丁↘忑-10.Z-13,8姖.__Aa龙猪._初,(跌)人.连后吞WO,,嘘待z↘,-13,-11,-9,83,True
1999/3/5,1.33,1.33,2.67,z丁↘忑-11.Z-14,7姗.__Bd龙管杂._初,升.尾连OQ.Q2,,嘘待z↘,-14,-12,-10,84,True
1999/3/12,4.82,4.82,6.14,y戊↘忠-12.I,4蛀.__Fe震正根._初,升.尾连QQ.Q3,,嘘待y↘,1,-13,-11,85,True
1999/3/19,-0.42,-0.42,5.02,y戊↘忠-13.B2,4蛀.__Fe震正根._主,升.尾反孕Qv,,嘘待y↘,2,-14,-12,86,True
1999/3/26,-4.62,-4.62,-0.42,y戊↘忑-14.Y暂,5暂.__Fa震正〇._主,跌.尾连vW.W2,,嘘待y↘,-1,-15,-13,87,True
1999/4/2,-0.88,-0.88,0,y戊↘忑-15.Z-2暂,5暂.__Fa震正〇._主,跌.尾连WW.W3,,嘘待y↘,-2,-16,-14,88,True
1999/4/9,-0.44,-0.44,2.67,y戊↘忑-16.Z-3暂,5暂.__Fa震正〇._主,跌.尾连WW.W4,,尿降y↘,-3,-17,-15,89,True
1999/4/16,-2.23,-2.23,0.89,y戊↘忑-17.Z-4,9妩.__Fa震正〇._主,跌.尾连WW.W5,,尿降y↘,-4,-18,-16,90,True
1999/4/23,-4.57,-4.57,0,y戊↘忑-18.Z-5,9妩.__Aa龙猪._主,跌.尾连WW.W6,,尿降y↘,-5,-19,-17,91,True
1999/4/30,-1.91,-1.91,-0.48,y戊↘忑-19.Z-6,9妩.__Aa龙猪._主,跌.尾连WW.W7,,尿降y↘,-6,-20,-18,92,True
1999/5/7,-0.49,-0.49,0.49,y戊↘忑-20.Z-7,9妩.__Aa龙猪._主,跌.尾连WW.W8,,尿降y↘,-7,-21,-19,93,True
1999/5/14,-4.9,-4.9,-1.47,y戊↘忑-21.Z-8,9妩.__Aa龙猪._主,跌.尾连WW.W9,,尿降y↘,-8,-22,-20,94,True
1999/5/21,8.76,8.76,11.86,y戊↘忑-22.Z-9,8姖.__Aa龙猪._主,(跌)人.连后吞WO,,尿降y↘,-9,-23,-21,95,True
1999/5/28,10.43,10.43,18.96,r己↗忐-23.I,4蛀.__Fe震正根.储,升.尾连OQ.Q2,,嘘待r↗.4蛀.__Fe震正根.储.魅6v,1,1,-22,96,True
1999/6/4,6.01,6.01,6.01,a甲↗上1.B2,4蛀.Aa龙猪.储,升.尾连QQ.Q3,连3,金升a↗.4蛀.Aa龙猪.储,2,2,1,97,True
1999/6/11,11.74,11.74,14.57,a甲↗上2.B3,4蛀.Aa龙猪.初,升.尾连QQ.Q4,连4,金升a↗.4蛀.Aa龙猪.初,3,3,2,98,True
1999/6/18,17.03,17.03,18.12,a甲↗上3.A4,0橅.Aa龙猪.初,升.尾连QQ.Q5,宽高连5,金升a↗.0橅.Aa龙猪.初,4,4,3,99,True
1999/6/25,9.91,9.91,18.27,a甲↗上4.A5,0橅.Aa龙猪.初,升.尾连QQ.Q6,宽高连6,金升a↗.0橅.Aa龙猪.初,5,5,4,100,True
1999/7/2,-0.56,-0.56,6.48,a甲↗上5.A6,0橅.Aa龙猪.初,升.尾反孕Qv,宽,金升a↗.0橅.Aa龙猪.初,6,6,5,101,True
1999/7/9,2.83,2.83,6.52,a甲↗上6.A7,0橅.Aa龙猪.初,升.尾吞vO,,金升a↗.0橅.Aa龙猪.初,7,7,6,102,True
1999/7/16,-7.99,-7.99,0,a甲↗上7.A8,1柜.Fa震正〇.主,(升)人.吞吞vOV,,金升a↗.1柜.Fa震正〇.主,8,8,7,103,True
1999/7/23,-4.79,-4.79,6.59,b乙→中8.Y,5蛀.Fe震正根.主,跌.尾连VW.W2,,金升b→.5蛀.Fe震正根.主,-1,9,8,104,True
1999/7/30,2.52,2.52,2.83,b乙→中9.Z-2,5蛀.Fe震正根.主,跌.尾反孕Wo,,金升b→.5蛀.Fe震正根.主,-2,10,9,105,True
1999/8/6,0.31,0.31,2.45,b乙→中10.Z-3,5蛀.Fe震正根.主,升.尾连oQ.Q2,,金升b→.5蛀.Fe震正根.主,-3,11,10,106,True
1999/8/13,1.22,1.22,2.75,b乙↗上11.I暂,4暂.Fd震正芽.主,升.尾连QQ.Q3,连3,金升b↗.4暂.Fd震正芽.主,1,12,11,107,True
1999/8/19,3.32,3.32,5.44,b乙↗上12.B2暂,4暂.Fd震正芽.主,升.尾连QQ.Q4,连4,金升b↗.4暂.Fd震正芽.主,2,13,12,108,True
1999/8/27,4.68,4.68,6.43,b乙↗上13.B3暂,4暂.Fd震正芽.主,升.尾连QQ.Q5,连5,金升b↗.4暂.Fd震正芽.主,3,14,13,109,True
1999/9/3,3.63,3.63,9.5,b乙↗上14.A4,0橅.Aa龙猪.主,升.尾连QQ.Q6,连6,金升b↗.0橅.Aa龙猪.主,4,15,14,110,True
1999/9/10,2.96,2.96,5.66,b乙↗上15.A5,0橅.Aa龙猪.主,升.尾连QQ.Q7,连7,金升b↗.0橅.Aa龙猪.主,5,16,15,111,True
1999/9/17,0.79,0.79,3.4,b乙↗上16.A6,0橅.Aa龙猪.主,升.尾连QQ.Q8,连8,金升b↗.0橅.Aa龙猪.主,6,17,16,112,True
1999/9/24,-2.6,-2.6,1.04,b乙↗上17.A7,1柜.Aa龙猪.主,(升)人.连后吞QV,,金升b↗.1柜.Aa龙猪.主,7,18,17,113,True
1999/9/30,-5.6,-5.6,0.27,b乙→中18.Y,5蛀.Be龙管根.主,跌.尾连VW.W2,,金升b→.5蛀.Be龙管根.主,-1,19,18,114,True
1999/10/8,-0.56,-0.56,1.41,b乙→中19.Z-2,5蛀.Fe震正根.主,跌.尾连WW.W3,,金升b→.5蛀.Fe震正根.主,-2,20,19,115,True
1999/10/15,-0.57,-0.57,1.99,b乙→中20.Z-3,5蛀.Fe震正根.主,跌.尾连WW.W4,,金升b→.5蛀.Fe震正根.主,-3,21,20,116,True
1999/10/22,-0.57,-0.57,2.57,c丙↘下21.Z-4,9妩.Fe震正根.破,跌.尾连WW.W5,,金升c↘.被3v,-4,-1,21,117,True
1999/10/29,-4.31,-4.31,0,c丙↘下22.Z-5,9妩.Fe震正根.破,跌.尾连WW.W6,,金升c↘.被3v,-5,-2,22,118,True
1999/11/5,1.5,1.5,1.8,z丁↘忑-1.Z-6,9妩.Ff震负.破,跌.尾反孕Wo,,金升z↘.警3w,-6,-3,23,119,True
1999/11/12,-3.25,-3.25,1.18,z丁↘忑-2.Z-7,9妩.Ff震负.破,跌.尾吞oV,,金升z↘.警3w,-7,-4,24,120,True
1999/11/19,-0.31,-0.31,1.83,z丁↘忑-3.Z-8,9妩.Ff震负.破,跌.尾连VW.W2,,金升z↘.警3w,-8,-5,25,121,True
1999/11/26,-0.61,-0.61,0.61,z丁↘忑-4.Z-9,9妩.__Aa龙猪._破,跌.尾连WW.W3,,嘘待z↘,-9,-6,-1,122,True
1999/12/3,-3.4,-3.4,-0.31,z丁↘忑-5.Z-10,9妩.__Aa龙猪._破,跌.尾连WW.W4,,嘘待z↘,-10,-7,-2,123,True
1999/12/10,-0.96,-0.96,-0.32,z丁↘忑-6.Z-11,9妩.__Aa龙猪._初,跌.尾连WW.W5,,嘘待z↘,-11,-8,-3,124,True
1999/12/17,2.9,2.9,3.23,z丁↘忑-7.Z-12,8姖.__Aa龙猪._初,(跌)人.连后吞WO,,嘘待z↘,-12,-9,-4,125,True
1999/12/24,-2.82,-2.82,-0.31,z丁↘忑-8.Z-13,8姖.__Aa龙猪._初,(跌)人.连后吞WOv,,嘘待z↘,-13,-10,-5,126,True
1999/12/30,1.61,1.61,1.94,z丁↘忑-9.Z-14,8姖.__Aa龙猪._初,(人)人.孕孕vo,,嘘待z↘,-14,-11,-6,127,True
2000/1/7,14.6,14.6,15.87,r己↗忐-10.I,4蛀.Df头负.再D,升.尾连oQ.Q2,高,金升r↗.4蛀.Df头负.再D.口2I,1,1,1,128,True
2000/1/14,-4.71,-4.71,-0.28,a甲↗上1.B2,4蛀.Aa龙猪.再D,升.尾反孕Qv,,金升a↗.4蛀.Aa龙猪.再D,2,2,2,129,True
2000/1/21,4.65,4.65,8.14,a甲↗上2.B3,4蛀.Aa龙猪.再D,升.尾吞vO,,金升a↗.4蛀.Aa龙猪.再D,3,3,3,130,True
2000/1/28,5.83,5.83,8.89,a甲↗上3.A4,0橅.Aa龙猪.再D,升.尾连OQ.Q2,,金升a↗.0橅.Aa龙猪.再D,4,4,4,131,True
2000/2/18,9.97,9.97,13.65,a甲↗上4.A5,0橅.Aa龙猪.再D,升.尾连QQ.Q3,连3,金升a↗.0橅.Aa龙猪.再D,5,5,5,132,True
2000/2/25,2.39,2.39,10.02,a甲↗上5.A6,0橅.Aa龙猪.主,升.尾连QQ.Q4,连4,金升a↗.0橅.Aa龙猪.主,6,6,6,133,True
2000/3/3,3.96,3.96,4.2,a甲↗上6.A7,0橅.Aa龙猪.主,升.尾连QQ.Q5,连5,金升a↗.0橅.Aa龙猪.主,7,7,7,134,True
2000/3/10,-2.69,-2.69,1.35,a甲↗上7.A8,0橅.Aa龙猪.主,升.尾反孕Qv,,金升a↗.0橅.Aa龙猪.主,8,8,8,135,True
2000/3/17,-7.14,-7.14,2.07,a甲↗上8.A9,2栅.Fa震正〇.主,跌.尾连vW.W2,,金升a↗.2栅.Fa震正〇.主,9,9,9,136,True
2000/3/24,11.17,11.17,13.9,a甲↗上9.A10,2栅.Fa震正〇.主,(跌)人.连后吞WO,,金升a↗.2栅.Fa震正〇.主,10,10,10,137,True
2000/3/31,-2.01,-2.01,1.12,a甲↗上10.A11,2栅.Fa震正〇.主,(跌)人.连后吞WOv,,金升a↗.2栅.Fa震正〇.主,11,11,11,138,True
2000/4/7,7.06,7.06,7.06,a甲↗上11.A12,2栅.Bc龙管栅.主,升.尾吞vO,,金升a↗.2栅.Bc龙管栅.主,12,12,12,139,True
2000/4/14,-3.4,-3.4,2.77,a甲↗上12.A13,0橅.Aa龙猪.主,升.尾反孕vOv,,金升a↗.0橅.Aa龙猪.主,13,13,13,140,True
2000/4/21,0.44,0.44,0.88,a甲↗上13.A14,0橅.Aa龙猪.主,(升)人.孕孕vo,,金升a↗.0橅.Aa龙猪.主,14,14,14,141,True
2000/4/28,0.22,0.22,1.1,a甲↗上14.A15,0橅.Aa龙猪.主,升.尾连oQ.Q2,,金升a↗.0橅.Aa龙猪.主,15,15,15,142,True
2000/5/12,-1.31,-1.31,5.69,a甲↗上15.A16,1柜.Aa龙猪.主,(升)人.连后吞QV,,金升a↗.1柜.Aa龙猪.主,16,16,16,143,True
2000/5/19,10.2,10.2,11.53,a甲↗上16.A17,1柜.Aa龙猪.主,(人)人.吞吞* VO,,金升a↗.1柜.Aa龙猪.主,17,17,17,144,True
2000/5/26,-0.6,-0.6,2.62,a甲↗上17.A18,1柜.Aa龙猪.主,(人)人.吞吞* VO,,金升a↗.1柜.Aa龙猪.主,18,18,18,145,True
2000/6/2,-3.85,-3.85,1.42,a甲↗上18.A19,2栅.Bc龙管栅.主,跌.尾连vW.W2,,金升a↗.2栅.Bc龙管栅.主,19,19,19,146,True
2000/6/9,2.32,2.32,4.42,a甲↗上19.A20,2栅.Bc龙管栅.主,跌.尾反孕Wo,,金升a↗.2栅.Bc龙管栅.主,20,20,20,147,True
2000/6/16,-1.44,-1.44,0.41,a甲↗上20.A21,2栅.Fa震正〇.主,(跌)人.孕孕ov,,金升a↗.2栅.Fa震正〇.主,21,21,21,148,True
2000/6/23,0.21,0.21,3.76,a甲↗上21.A22,2栅.Fa震正〇.主,(人)人.孕孕vo,,金升a↗.2栅.Fa震正〇.主,22,22,22,149,True
2000/6/30,4.37,4.37,4.37,a甲↗上22.A23,0橅.Fa震正〇.主,升.尾连oQ.Q2,,金升a↗.0橅.Fa震正〇.主,23,23,23,150,True
2000/7/7,16.37,16.37,19.56,a甲↗上23.A24,0橅.Aa龙猪.主,升.尾连QQ.Q3,高连3,金升a↗.0橅.Aa龙猪.主,24,24,24,151,True
2000/7/14,11.32,11.32,14.58,a甲↗上24.A25,0橅.Aa龙猪.主,升.尾连QQ.Q4,宽连4,金升a↗.0橅.Aa龙猪.主,25,25,25,152,True
2000/7/21,-0.77,-0.77,2.77,a甲↗上25.A26,0橅.Aa龙猪.主,升.尾反孕Qv,,金升a↗.0橅.Aa龙猪.主,26,26,26,153,True
2000/7/28,6.99,6.99,8.39,a甲↗上26.A27,0橅.Aa龙猪.主,升.尾吞vO,,金升a↗.0橅.Aa龙猪.主,27,27,27,154,True
2000/8/4,1.45,1.45,3.77,a甲↗上27.A28,0橅.Aa龙猪.主,升.尾连OQ.Q2,,金升a↗.0橅.Aa龙猪.主,28,28,28,155,True
2000/8/11,2.43,2.43,12.59,a甲↗上28.A29,0橅.Aa龙猪.主,升.尾连QQ.Q3,连3,金升a↗.0橅.Aa龙猪.主,29,29,29,156,True
2000/8/18,6.01,6.01,7.26,a甲↗上29.A30,0橅.Aa龙猪.主,升.尾连QQ.Q4,连4,金升a↗.0橅.Aa龙猪.主,30,30,30,157,True
2000/8/25,1.58,1.58,2.11,a甲↗上30.A31,0橅.Aa龙猪.主,升.尾连QQ.Q5,连5,金升a↗.0橅.Aa龙猪.主,31,31,31,158,True
2000/8/31,1.3,1.3,6.74,a甲↗上31.A32,0橅.Aa龙猪.主,升.尾连QQ.Q6,连6,金升a↗.0橅.Aa龙猪.主,32,32,32,159,True
2000/9/8,-7.68,-7.68,1.92,a甲↗上32.A33,1柜.Aa龙猪.主,(升)人.连后吞QV,,金升a↗.1柜.Aa龙猪.主,33,33,33,160,True
2000/9/15,-2.91,-2.91,1.66,b乙→中33.Y,5蛀.Be龙管根.主,跌.尾连VW.W2,,金升b→.5蛀.Be龙管根.主,-1,34,34,161,True
2000/9/22,1,1,2.43,b乙→中34.Z-2,5蛀.Fe震正根.主,跌.尾反孕Wo,,金升b→.5蛀.Fe震正根.主,-2,35,35,162,True
2000/9/29,8.91,8.91,8.91,b乙↗上35.I暂,4暂.Fd震正芽.主,升.尾连oQ.Q2,,金升b↗.4暂.Fd震正芽.主,1,36,36,163,True
2000/10/13,10.52,10.52,12.86,b乙↗上36.B2暂,4暂.Aa龙猪.主,升.尾连QQ.Q3,连3,金升b↗.4暂.Aa龙猪.主,2,37,37,164,True
2000/10/20,4.47,4.47,6.23,b乙↗上37.B3暂,4暂.Aa龙猪.主,升.尾连QQ.Q4,连4,金升b↗.4暂.Aa龙猪.主,3,38,38,165,True
2000/10/27,0.79,0.79,0.9,b乙↗上38.A4,0橅.Aa龙猪.主,升.尾连QQ.Q5,连5,金升b↗.0橅.Aa龙猪.主,4,39,39,166,True
2000/11/3,-7.03,-7.03,1.79,b乙↗上39.A5,1柜.Aa龙猪.主,(升)人.连后吞QV,,金升b↗.1柜.Aa龙猪.主,5,40,40,167,True
2000/11/10,6.48,6.48,7.68,b乙↗上40.A6,1柜.Aa龙猪.主,(升)人.连后吞QVo,,金升b↗.1柜.Aa龙猪.主,6,41,41,168,True
2000/11/17,1.13,1.13,1.13,b乙↗上41.A7,1柜.Aa龙猪.主,升.尾连oQ.Q2,,金升b↗.1柜.Aa龙猪.主,7,42,42,169,True
2000/11/24,-1.34,-1.34,1.23,b乙↗上42.A8,3桮.Fa震正〇.主,(升)人.连后吞QV,,金升b↗.3桮.Fa震正〇.主,8,43,43,170,True
2000/12/1,0.45,0.45,1.36,b乙↗上43.A9,1柜.Fa震正〇.主,(升)人.连后吞QVo,,金升b↗.1柜.Fa震正〇.主,9,44,44,171,True
2000/12/8,5.74,5.74,8.89,b乙↗上44.A10,1柜.Aa龙猪.主,升.尾连oQ.Q2,,金升b↗.1柜.Aa龙猪.主,10,45,45,172,True
2000/12/15,-2.66,-2.66,1.17,b乙↗上45.A11,3桮.Bb龙管杂.主,(升)人.连后吞QV,,金升b↗.3桮.Bb龙管杂.主,11,46,46,173,True
2000/12/22,1.97,1.97,3.06,b乙↗上46.A12,1柜.Aa龙猪.主,(升)人.连后吞QVo,,金升b↗.1柜.Aa龙猪.主,12,47,47,174,True
2000/12/29,-1.39,-1.39,1.5,b乙↗上47.A13,1柜.Fa震正〇.主,(人)人.孕孕vo,,金升b↗.1柜.Fa震正〇.主,13,48,48,175,True
2001/1/5,-2.39,-2.39,0.11,b乙→中48.Y,5蛀.Fe震正根.主,跌.尾连vW.W2,,金升b→.5蛀.Fe震正根.主,-1,49,49,176,True
2001/1/12,3.67,3.67,3.9,b乙↗上49.I暂,4暂.Fd震正芽.主,(跌)人.连后吞WO,,金升b↗.4暂.Fd震正芽.主,1,50,50,177,True
2001/1/19,-0.43,-0.43,0.11,b乙↗上50.B2暂,4暂.Fd震正芽.主,(跌)人.连后吞WOv,,金升b↗.4暂.Fd震正芽.主,2,51,51,178,True
2001/2/9,-0.54,-0.54,0.11,b乙↗上51.B3暂,4暂.Fd震正芽.主,跌.尾连vW.W2,,金升b↗.4暂.Fd震正芽.主,3,52,52,179,True
2001/2/16,2.17,2.17,3.04,b乙↗上52.A4,2栅.Fd震正芽.主,(跌)人.连后吞WO,,金升b↗.2栅.Fd震正芽.主,4,53,53,180,True
2001/2/23,0.74,0.74,1.17,b乙↗上53.A5,2栅.Fd震正芽.主,升.尾连OQ.Q2,,金升b↗.2栅.Fd震正芽.主,5,54,54,181,True
2001/3/2,2.53,2.53,2.63,b乙↗上54.A6,2栅.Bc龙管栅.主,升.尾连QQ.Q3,连3,金升b↗.2栅.Bc龙管栅.主,6,55,55,182,True
2001/3/9,1.13,1.13,1.13,b乙↗上55.A7,0橅.Aa龙猪.主,升.尾连QQ.Q4,连4,金升b↗.0橅.Aa龙猪.主,7,56,56,183,True
2001/3/16,1.22,1.22,5.08,b乙↗上56.A8,0橅.Aa龙猪.主,升.尾连QQ.Q5,连5,金升b↗.0橅.Aa龙猪.主,8,57,57,184,True
2001/3/23,1.51,1.51,2.01,b乙↗上57.A9,0橅.Aa龙猪.主,升.尾连QQ.Q6,连6,金升b↗.0橅.Aa龙猪.主,9,58,58,185,True
2001/3/30,1.29,1.29,1.48,b乙↗上58.A10,0橅.Aa龙猪.主,升.尾连QQ.Q7,连7,金升b↗.0橅.Aa龙猪.主,10,59,59,186,True
2001/4/6,1.95,1.95,1.95,b乙↗上59.A11,0橅.Aa龙猪.主,升.尾连QQ.Q8,连8,金升b↗.0橅.Aa龙猪.主,11,60,60,187,True
2001/4/13,4.02,4.02,4.02,b乙↗上60.A12,0橅.Aa龙猪.主,升.尾连QQ.Q9,连9,金升b↗.0橅.Aa龙猪.主,12,61,61,188,True
2001/4/20,5.8,5.8,8.38,b乙↗上61.A13,0橅.Aa龙猪.主,升.尾连QQ.Q10,连10,金升b↗.0橅.Aa龙猪.主,13,62,62,189,True
2001/4/27,0,0,0,b乙↗上62.A14,0橅.Aa龙猪.主,升.尾连QQ.Q11,连11,金升b↗.0橅.Aa龙猪.主,14,63,63,190,True
2001/4/30,1.31,1.31,6.18,b乙↗上63.A15,0橅.Aa龙猪.主,升.尾连QQ.Q12,连12,金升b↗.0橅.Aa龙猪.主,15,64,64,191,True
2001/5/11,0.77,0.77,3.26,b乙↗上64.A16,0橅.Aa龙猪.主,升.尾连QQ.Q13,连13,金升b↗.0橅.Aa龙猪.主,16,65,65,192,True
2001/5/18,-0.6,-0.6,0.17,b乙↗上65.A17,1柜.Aa龙猪.主,(升)人.连后吞QV,,金升b↗.1柜.Aa龙猪.主,17,66,66,193,True
2001/5/25,2.14,2.14,2.4,b乙↗上66.A18,1柜.Fa震正〇.主,(人)人.吞吞* VO,,金升b↗.1柜.Fa震正〇.主,18,67,67,194,True
2001/6/1,0.08,0.08,0.5,b乙↗上67.A19,1柜.Fa震正〇.主,升.尾连OQ.Q2,,金升b↗.1柜.Fa震正〇.主,19,68,68,195,True
2001/6/8,-0.34,-0.34,0,b乙↗上68.A20,3桮.Fa震正〇.主,(升)人.连后吞QV,,金升b↗.3桮.Fa震正〇.主,20,69,69,196,True
2001/6/15,-0.08,-0.08,0.17,b乙↗上69.A21,2栅.Fa震正〇.主,跌.尾连VW.W2,,金升b↗.2栅.Fa震正〇.主,21,70,70,197,True
2001/6/22,-0.25,-0.25,0.25,b乙↗上70.A22,3桮.Fa震正〇.主,跌.尾连WW.W3,,金升b↗.3桮.Fa震正〇.主,22,71,71,198,True
2001/6/29,0.34,0.34,0.84,b乙↗上71.A23,3桮.Fa震正〇.主,(跌)人.连后吞WO,,金升b↗.3桮.Fa震正〇.主,23,72,72,199,True
2001/7/6,-0.08,-0.08,0.25,b乙↗上72.A24,3桮.Fa震正〇.主,(跌)人.连后吞WOv,,金升b↗.3桮.Fa震正〇.主,24,73,73,200,True
2001/7/13,0,0,0.08,b乙↗上73.A25,2栅.Fa震正〇.主,(人)人.孕孕vo,,金升b↗.2栅.Fa震正〇.主,25,74,74,201,True
2001/7/20,0,0,0,b乙↗上74.A26,0橅.Fa震正〇.主,升.尾连oQ.Q2,,金升b↗.0橅.Fa震正〇.主,26,75,75,202,True
2001/7/27,-0.25,-0.25,0.08,b乙→中75.Y,5蛀.Fe震正根.主,(升)人.连后吞QV,,金升b→.5蛀.Fe震正根.主,-1,76,76,203,True
2001/8/3,-0.34,-0.34,0.08,b乙→中76.Z-2,5蛀.Fe震正根.主,跌.尾连VW.W2,,金升b→.5蛀.Fe震正根.主,-2,77,77,204,True
2001/8/10,-0.59,-0.59,3.39,b乙→中77.Z-3,5蛀.Be龙管根.主,跌.尾连WW.W3,,金升b→.5蛀.Be龙管根.主,-3,78,78,205,True
2001/8/17,-3.24,-3.24,0.17,c丙↘下78.Z-4,9妩.Fe震正根.破,跌.尾连WW.W4,,金升c↘.被3v,-4,-1,79,206,True
2001/8/24,0.09,0.09,1.15,z丁↘忑-1.Z-5,9妩.Ff震负.破,跌.尾反孕Wo,,金升z↘.警3w,-5,-2,80,207,True
2001/8/31,-0.35,-0.35,1.06,z丁↘忑-2.Z-6,9妩.Ff震负.破,跌.尾吞oV,,金升z↘.警3w,-6,-3,81,208,True
2001/9/7,-0.88,-0.88,0.44,z丁↘忑-3.Z-7,9妩.Ff震负.破,跌.尾连VW.W2,,金升z↘.警3w,-7,-4,82,209,True
2001/9/14,-3.39,-3.39,0.98,z丁↘忑-4.Z-8,9妩.__Aa龙猪._破,跌.尾连WW.W3,,嘘待z↘,-8,-5,-1,210,True
2001/9/20,-0.46,-0.46,0.55,z丁↘忑-5.Z-9,9妩.__Aa龙猪._破,跌.尾连WW.W4,,嘘待z↘,-9,-6,-2,211,True
2001/9/28,-6.58,-6.58,-0.74,z丁↘忑-6.Z-10,9妩.__Aa龙猪._初,跌.尾连WW.W5,,嘘待z↘,-10,-7,-3,212,True
2001/10/12,-10.71,-10.71,5.36,z丁↘忑-7.Z-11,9妩.__Aa龙猪._初,跌.尾连WW.W6,,尿降z↘,-11,-8,-4,213,True
2001/10/19,-9.22,-9.22,-1.56,z丁↘忑-8.Z-12,9妩.__Aa龙猪._初,跌.尾连WW.W7,,尿降z↘,-12,-9,-5,214,True
2001/10/26,11.87,11.87,17.14,z丁↘忑-9.Z-13,8姖.__Aa龙猪._初,(跌)人.连后吞WO,,尿降z↘,-13,-10,-6,215,True
2001/11/2,0.44,0.44,2.41,z丁↘忑-10.Z-14,7姗.__Bd龙管杂._初,升.尾连OQ.Q2,,尿降z↘,-14,-11,-7,216,True
2001/11/9,-0.11,-0.11,1.09,z丁↘忑-11.Z-15,7姗.__Fa震正〇._主,升.尾反孕Qv,,尿降z↘,-15,-12,-8,217,True
2001/11/16,2.07,2.07,2.51,z丁↘忑-12.Z-16,6娝.__Fa震正〇._主,升.尾吞vO,,尿降z↘,-16,-13,-9,218,True
2001/11/23,-0.43,-0.43,2.14,y戊↘忠-13.I,4蛀.__Fe震正根._主,(升)人.吞吞vOV,,尿降y↘,1,-14,-10,219,True
2001/11/30,-0.32,-0.32,0,y戊↘忑-14.Y暂,5暂.__Fa震正〇._主,跌.尾连VW.W2,,尿降y↘,-1,-15,-11,220,True
2001/12/7,4.52,4.52,5.06,y戊↘忠-15.I暂,4暂.__Fe震正根._主,(跌)人.连后吞WO,,嘘待y↘,1,-16,-12,221,True
2001/12/14,0.41,0.41,1.85,y戊↘忠-16.B2暂,4暂.__Fe震正根._主,升.尾连OQ.Q2,,嘘待y↘,2,-17,-13,222,True
2001/12/21,4.92,4.92,5.23,r己↗忐-17.B3暂,4暂.__Fe震正根.储,升.尾连QQ.Q3,,嘘待r↗.4暂.__Fe震正根.储.魅6v,3,1,-14,223,True
2001/12/28,-1.17,-1.17,1.66,a甲↗上1.A4,0橅.__Ff震负.储,升.尾反孕Qv,,嘘待a↗.0橅.__Ff震负.储.魅6w,4,2,-15,224,True
2002/1/4,1.78,1.78,6.13,a甲↗上2.A5,0橅.Aa龙猪.储,升.尾吞vO,,金升a↗.0橅.Aa龙猪.储,5,3,1,225,True
2002/1/11,-4.08,-4.08,1.36,a甲↗上3.A6,1柜.__Ff震负.储,(升)人.吞吞vOV,,嘘待a↗.1柜.__Ff震负.储.魅6w,6,4,-1,226,True
2002/1/18,-4.96,-4.96,0.3,z丁↘忑-1.Y,5蛀.__Fa震正〇._再C,跌.尾连VW.W2,,尿降z↘,-1,-1,-2,227,True
2002/1/25,2.77,2.77,9.81,z丁↘忑-2.Z-2,5蛀.__Fa震正〇._再C,跌.尾反孕Wo,,尿降z↘,-2,-2,-3,228,True
2002/2/1,0.41,0.41,2.07,z丁↘忑-3.Z-3,5蛀.__Fa震正〇._再C,升.尾连oQ.Q2,,嘘待z↘,-3,-3,-4,229,True
2002/2/8,-0.72,-0.72,0.31,z丁↘忑-4.Z-4,7姗.__Fa震正〇._再C,升.尾反孕Qv,,尿降z↘,-4,-4,-5,230,True
2002/3/1,-1.46,-1.46,1.66,z丁↘忑-5.Z-5,7姗.__Fa震正〇._主,跌.尾连vW.W2,,尿降z↘,-5,-5,-6,231,True
2002/3/8,-3.48,-3.48,0.63,z丁↘忑-6.Z-6,7姗.__Bd龙管杂._主,跌.尾连WW.W3,,尿降z↘,-6,-6,-7,232,True
2002/3/15,-2.3,-2.3,-0.11,z丁↘忑-7.Z-7,9妩.__Aa龙猪._主,跌.尾连WW.W4,,尿降z↘,-7,-7,-8,233,True
2002/3/22,6.05,6.05,8.06,z丁↘忑-8.Z-8,8姖.__Aa龙猪._主,(跌)人.连后吞WO,,尿降z↘,-8,-8,-9,234,True
2002/3/29,-4.96,-4.96,1.48,z丁↘忑-9.Z-9,8姖.__Fa震正〇._主,(人)人.吞吞* OV,,尿降z↘,-9,-9,-10,235,True
2002/4/5,0.11,0.11,0.78,z丁↘忑-10.Z-10,8姖.__Fa震正〇._主,(人)人.吞吞* OV,,尿降z↘,-10,-10,-11,236,True
2002/4/12,-0.89,-0.89,5.88,z丁↘忑-11.Z-11,8姖.__Fa震正〇._主,跌.尾吞oV,,尿降z↘,-11,-11,-12,237,True
2002/4/19,0.78,0.78,2.8,z丁↘忑-12.Z-12,8姖.__Fa震正〇._主,(跌)人.吞吞oVO,,尿降z↘,-12,-12,-13,238,True
2002/4/26,-0.78,-0.78,0.33,z丁↘忑-13.Z-13,8姖.__Fa震正〇._主,(跌)人.吞吞oVOv,,尿降z↘,-13,-13,-14,239,True
2002/4/30,3.14,3.14,4.03,y戊↘忠-14.I,4蛀.__Fe震正根._主,升.尾吞vO,,尿降y↘,1,-14,-15,240,True
2002/5/10,-2.28,-2.28,-1.19,y戊↘忑-15.Y暂,5暂.__Fa震正〇._主,升.尾反孕vOv,,尿降y↘,-1,-15,-16,241,True
2002/5/17,0.56,0.56,1.56,y戊↘忑-16.Z-2暂,5暂.__Fa震正〇._主,(升)人.孕孕vo,,屎降y↘,-2,-16,-17,242,True
2002/5/24,0.22,0.22,1.33,y戊↘忠-17.I暂,4暂.__Fe震正根._主,升.尾连oQ.Q2,,屎降y↘,1,-17,-18,243,True
2002/5/31,-0.55,-0.55,0.77,y戊↘忑-18.Y暂,5暂.__Fa震正〇._主,(升)人.连后吞QV,,屎降y↘,-1,-18,-19,244,True
2002/6/7,-0.67,-0.67,0.89,y戊↘忑-19.Z-2暂,5暂.__Aa龙猪._主,跌.尾连VW.W2,,屎降y↘,-2,-19,-20,245,True
2002/6/14,-3.35,-3.35,0.45,y戊↘忑-20.Z-3暂,5暂.__Aa龙猪._主,跌.尾连WW.W3,,屎降y↘,-3,-20,-21,246,True
2002/6/21,-0.69,-0.69,8.08,y戊↘忑-21.Z-4,9妩.__Aa龙猪._主,跌.尾连WW.W4,,屎降y↘,-4,-21,-22,247,True
2002/6/28,-0.12,-0.12,9.65,y戊↘忑-22.Z-5,9妩.__Aa龙猪._主,跌.尾连WW.W5,,屎降y↘,-5,-22,-23,248,True
2002/7/5,-3.26,-3.26,-1.28,y戊↘忑-23.Z-6,9妩.__Aa龙猪._主,跌.尾连WW.W6,,屎降y↘,-6,-23,-24,249,True
2002/7/12,-1.32,-1.32,2.77,y戊↘忑-24.Z-7,9妩.__Aa龙猪._主,跌.尾连WW.W7,,屎降y↘,-7,-24,-25,250,True
2002/7/19,0,0,1.95,y戊↘忑-25.Z-8,9妩.__Fa震正〇._主,跌.尾反孕Wo,,屎降y↘,-8,-25,-26,251,True
2002/7/26,0.61,0.61,1.34,y戊↘忑-26.Z-9,7姗.__Fa震正〇._主,升.尾连oQ.Q2,,屎降y↘,-9,-26,-27,252,True
2002/8/2,0,0,0.73,y戊↘忑-27.Z-10,6娝.__Fa震正〇._主,升.尾连QQ.Q3,,屎降y↘,-10,-27,-28,253,True
2002/8/9,-1.45,-1.45,0.73,y戊↘忑-28.Z-11,6娝.__Fa震正〇._主,(升)人.连后吞QV,,屎降y↘,-11,-28,-29,254,True
2002/8/16,0.74,0.74,1.85,y戊↘忑-29.Z-12,6娝.__Fa震正〇._主,(升)人.连后吞QVo,,屎降y↘,-12,-29,-30,255,True
2002/8/23,-0.73,-0.73,1.95,y戊↘忑-30.Z-13,7姗.__Fa震正〇._主,跌.尾吞oV,,屎降y↘,-13,-30,-31,256,True
2002/8/30,-1.23,-1.23,1.35,y戊↘忑-31.Z-14,9妩.__Fa震正〇._主,跌.尾连VW.W2,,屎降y↘,-14,-31,-32,257,True
2002/9/6,-1.74,-1.74,0.12,y戊↘忑-32.Z-15,9妩.__Aa龙猪._主,跌.尾连WW.W3,,屎降y↘,-15,-32,-33,258,True
2002/9/13,-1.52,-1.52,1.01,y戊↘忑-33.Z-16,9妩.__Aa龙猪._主,跌.尾连WW.W4,,屎降y↘,-16,-33,-34,259,True
2002/9/20,-4.89,-4.89,2.06,y戊↘忑-34.Z-17,9妩.__Aa龙猪._主,跌.尾连WW.W5,,屎降y↘,-17,-34,-35,260,True
2002/9/27,-0.14,-0.14,2.84,y戊↘忑-35.Z-18,9妩.__Aa龙猪._主,跌.尾连WW.W6,,屎降y↘,-18,-35,-36,261,True
2002/10/11,1.08,1.08,1.76,y戊↘忑-36.Z-19,8姖.__Aa龙猪._主,(跌)人.连后吞WO,,屎降y↘,-19,-36,-37,262,True
2002/10/18,-0.54,-0.54,-0.27,y戊↘忑-37.Z-20,8姖.__Aa龙猪._主,(人)人.吞吞* OV,,屎降y↘,-20,-37,-38,263,True
2002/10/25,-0.67,-0.67,0,y戊↘忑-38.Z-21,8姖.__Fa震正〇._主,跌.尾连VW.W2,,屎降y↘,-21,-38,-39,264,True
2002/11/1,-0.54,-0.54,0.14,y戊↘忑-39.Z-22,8姖.__Fa震正〇._主,跌.尾连WW.W3,,屎降y↘,-22,-39,-40,265,True
2002/11/8,-3.27,-3.27,0.55,y戊↘忑-40.Z-23,9妩.__Aa龙猪._主,跌.尾连WW.W4,,屎降y↘,-23,-40,-41,266,True
2002/11/15,-2.26,-2.26,1.55,y戊↘忑-41.Z-24,9妩.__Aa龙猪._主,跌.尾连WW.W5,,屎降y↘,-24,-41,-42,267,True
2002/11/22,-2.45,-2.45,2.89,y戊↘忑-42.Z-25,9妩.__Aa龙猪._主,跌.尾连WW.W6,,屎降y↘,-25,-42,-43,268,True
2002/11/29,11.98,11.98,20.71,y戊↘忠-43.I,4蛀.__Be龙管根._主,(跌)人.连后吞WO,,屎降y↘,1,-43,-44,269,True
2002/12/6,-3.17,-3.17,-0.4,y戊↘忠-44.B2,4蛀.__Be龙管根._主,(跌)人.连后吞WOv,,屎降y↘,2,-44,-45,270,True
2002/12/13,-4.77,-4.77,-0.68,y戊↘忑-45.Y暂,5暂.__Aa龙猪._主,跌.尾连vW.W2,,屎降y↘,-1,-45,-46,271,True
2002/12/20,4.44,4.44,6.3,y戊↘忠-46.I暂,4暂.__Fe震正根._主,(跌)人.连后吞WO,,屎降y↘,1,-46,-47,272,True
2002/12/27,-2.19,-2.19,1.51,y戊↘忑-47.Y暂,5暂.__Fa震正〇._主,(跌)人.连后吞WOv,,屎降y↘,-1,-47,-48,273,True
2003/1/3,-0.7,-0.7,4.63,y戊↘忑-48.Z-2暂,5暂.__Fa震正〇._主,跌.尾连vW.W2,,屎降y↘,-2,-48,-49,274,True
2003/1/10,-0.28,-0.28,1.41,y戊↘忑-49.Z-3暂,5暂.__Fa震正〇._主,跌.尾连WW.W3,,屎降y↘,-3,-49,-50,275,True
2003/1/17,-1.42,-1.42,2.55,y戊↘忑-50.Z-4,9妩.__Fa震正〇._主,跌.尾连WW.W4,,屎降y↘,-4,-50,-51,276,True
2003/1/24,-0.43,-0.43,2.01,y戊↘忑-51.Z-5,9妩.__Fa震正〇._主,跌.尾连WW.W5,,屎降y↘,-5,-51,-52,277,True
2003/1/29,-1.88,-1.88,0.43,y戊↘忑-52.Z-6,9妩.__Fa震正〇._主,跌.尾连WW.W6,,屎降y↘,-6,-52,-53,278,True
2003/2/14,-0.15,-0.15,1.32,y戊↘忑-53.Z-7,9妩.__Fa震正〇._主,跌.尾连WW.W7,,屎降y↘,-7,-53,-54,279,True
2003/2/21,0.88,0.88,1.47,y戊↘忑-54.Z-8,8姖.__Fa震正〇._主,(跌)人.连后吞WO,,屎降y↘,-8,-54,-55,280,True
2003/2/28,-0.58,-0.58,1.31,y戊↘忑-55.Z-9,8姖.__Fa震正〇._主,(人)人.吞吞* OV,,屎降y↘,-9,-55,-56,281,True
2003/3/7,-2.35,-2.35,1.03,y戊↘忑-56.Z-10,8姖.__Fa震正〇._主,跌.尾连VW.W2,,屎降y↘,-10,-56,-57,282,True
2003/3/14,0.6,0.6,1.35,y戊↘忑-57.Z-11,8姖.__Fa震正〇._主,跌.尾反孕Wo,,屎降y↘,-11,-57,-58,283,True
2003/3/21,-1.05,-1.05,0.3,y戊↘忑-58.Z-12,9妩.__Fa震正〇._主,跌.尾吞oV,,屎降y↘,-12,-58,-59,284,True
2003/3/28,0.91,0.91,1.21,y戊↘忑-59.Z-13,8姖.__Fa震正〇._主,(跌)人.吞吞oVO,,屎降y↘,-13,-59,-60,285,True
2003/4/4,5.99,5.99,9.88,r己↗忐-60.I,4蛀.__Fe震正根.储,升.尾连OQ.Q2,,屎降r↗.4蛀.__Fe震正根.储.魅6v,1,1,-61,286,True
2003/4/11,4.1,4.1,6.64,a甲↗上1.B2,4蛀.Aa龙猪.储,升.尾连QQ.Q3,连3,唏待a↗.4蛀.Aa龙猪.储,2,2,1,287,True
2003/4/18,-1.76,-1.76,0.68,a甲↗上2.B3,4蛀.Aa龙猪.储,升.尾反孕Qv,,唏待a↗.4蛀.Aa龙猪.储,3,3,2,288,True
2003/4/25,-2.49,-2.49,1.24,a甲↗上3.A4,2栅.__Ff震负.储,跌.尾连vW.W2,,屎降a↗.2栅.__Ff震负.储.魅6w,4,4,-1,289,True
2003/4/30,3.68,3.68,5.67,a甲↗上4.A5,2栅.Fa震正〇.储,(跌)人.连后吞WO,,唏待a↗.2栅.Fa震正〇.储,5,5,1,290,True
2003/5/16,1.5,1.5,4.92,a甲↗上5.A6,2栅.Bc龙管栅.初,升.尾连OQ.Q2,,唏待a↗.2栅.Bc龙管栅.初,6,6,2,291,True
2003/5/22,7.13,7.13,10.5,a甲↗上6.A7,2栅.Bc龙管栅.初,升.尾连QQ.Q3,连3,银升a↗.2栅.Bc龙管栅.初,7,7,3,292,True
2003/5/30,2.89,2.89,6.91,a甲↗上7.A8,0橅.Aa龙猪.初,升.尾连QQ.Q4,连4,银升a↗.0橅.Aa龙猪.初,8,8,4,293,True
2003/6/6,-3.66,-3.66,1.47,a甲↗上8.A9,1柜.Aa龙猪.初,(升)人.连后吞QV,,银升a↗.1柜.Aa龙猪.初,9,9,5,294,True
2003/6/13,2.15,2.15,3.93,a甲↗上9.A10,1柜.Aa龙猪.初,(升)人.连后吞QVo,,银升a↗.1柜.Aa龙猪.初,10,10,6,295,True
2003/6/20,0,0,3.35,a甲↗上10.A11,1柜.Fa震正〇.初,升.尾连oQ.Q2,,银升a↗.1柜.Fa震正〇.初,11,11,7,296,True
2003/6/27,0.37,0.37,1.61,a甲↗上11.A12,1柜.Fa震正〇.主,升.尾连QQ.Q3,连3,银升a↗.1柜.Fa震正〇.主,12,12,8,297,True
2003/7/4,-0.25,-0.25,1.36,a甲↗上12.A13,0橅.Fa震正〇.主,升.尾反孕Qv,,银升a↗.0橅.Fa震正〇.主,13,13,9,298,True
2003/7/11,-7.43,-7.43,0.25,c丙↘下13.Y,5蛀.Fe震正根.破,跌.尾连vW.W2,,唏待c↘.被3v,-1,-1,10,299,True
2003/7/18,-0.13,-0.13,1.47,c丙↘下14.Z-2,5蛀.__Df头负._破,跌.尾连WW.W3,,屎降c↘.逃4v,-2,-2,-1,300,True
2003/7/24,-0.54,-0.54,1.21,c丙↘下15.Z-3,5蛀.__Df头负._破,跌.尾连WW.W4,,屎降c↘.逃4v,-3,-3,-2,301,True
2003/8/1,-2.43,-2.43,0.94,z丁↘忑-1.Z-4,9妩.__Aa龙猪._破,跌.尾连WW.W5,,屎降z↘,-4,-4,-3,302,True
2003/8/8,-2.62,-2.62,0,z丁↘忑-2.Z-5,9妩.__Aa龙猪._初,跌.尾连WW.W6,,屎降z↘,-5,-5,-4,303,True
2003/8/15,-0.28,-0.28,0.57,z丁↘忑-3.Z-6,9妩.__Aa龙猪._初,跌.尾连WW.W7,,屎降z↘,-6,-6,-5,304,True
2003/8/22,-0.43,-0.43,1.99,z丁↘忑-4.Z-7,9妩.__Aa龙猪._初,跌.尾连WW.W8,,屎降z↘,-7,-7,-6,305,True
2003/8/29,-0.43,-0.43,2,z丁↘忑-5.Z-8,9妩.__Aa龙猪._初,跌.尾连WW.W9,,屎降z↘,-8,-8,-7,306,True
2003/9/5,2.01,2.01,6.31,z丁↘忑-6.Z-9,8姖.__Aa龙猪._初,(跌)人.连后吞WO,,屎降z↘,-9,-9,-8,307,True
2003/9/12,-3.66,-3.66,0,z丁↘忑-7.Z-10,8姖.__Aa龙猪._初,(人)人.吞吞* OV,,屎降z↘,-10,-10,-9,308,True
2003/9/19,-0.73,-0.73,1.02,z丁↘忑-8.Z-11,8姖.__Aa龙猪._主,跌.尾连VW.W2,,屎降z↘,-11,-11,-10,309,True
2003/9/26,2.5,2.5,7.06,z丁↘忑-9.Z-12,6娝.__Bc龙管栅._主,(跌)人.连后吞WO,,屎降z↘,-12,-12,-11,310,True
2003/9/30,6.74,6.74,7.03,r己↗忐-10.I,4蛀.Df头负.储,升.尾连OQ.Q2,,唏待r↗.4蛀.Df头负.储.口1v,1,1,1,311,True
2003/10/10,-7.53,-7.53,-2.15,y戊↘忑-11.Y暂,5暂.__Fa震正〇._再B,升.尾反孕Qv,,屎降y↘,-1,-1,-1,312,True
2003/10/17,-3.78,-3.78,0.87,y戊↘忑-12.Z-2暂,5暂.__Fa震正〇._再B,跌.尾连vW.W2,,屎降y↘,-2,-2,-2,313,True
2003/10/24,-3.47,-3.47,4.08,y戊↘忑-13.Z-3暂,5暂.__Aa龙猪._再B,跌.尾连WW.W3,,屎降y↘,-3,-3,-3,314,True
2003/10/31,-0.94,-0.94,1.56,y戊↘忑-14.Z-4,9妩.__Aa龙猪._再B,跌.尾连WW.W4,,屎降y↘,-4,-4,-4,315,True
2003/11/7,-6.95,-6.95,1.9,y戊↘忑-15.Z-5,9妩.__Aa龙猪._主,跌.尾连WW.W5,,屎降y↘,-5,-5,-5,316,True
2003/11/13,-0.34,-0.34,0.51,y戊↘忑-16.Z-6,9妩.__Aa龙猪._主,跌.尾连WW.W6,,屎降y↘,-6,-6,-6,317,True
2003/11/21,-1.53,-1.53,1.36,y戊↘忑-17.Z-7,9妩.__Aa龙猪._主,跌.尾连WW.W7,,屎降y↘,-7,-7,-7,318,True
2003/11/28,3.81,3.81,6.4,y戊↘忑-18.Z-8,8姖.__Fa震正〇._主,(跌)人.连后吞WO,,屎降y↘,-8,-8,-8,319,True
2003/12/5,-2,-2,0.33,y戊↘忑-19.Z-9,8姖.__Aa龙猪._主,(跌)人.连后吞WOv,,屎降y↘,-9,-9,-9,320,True
2003/12/12,2.72,2.72,5.27,y戊↘忑-20.Z-10,6娝.__Bc龙管栅._主,升.尾吞vO,,屎降y↘,-10,-10,-10,321,True
2003/12/19,-2.65,-2.65,0,y戊↘忑-21.Z-11,6娝.__Bc龙管栅._主,升.尾反孕vOv,,屎降y↘,-11,-11,-11,322,True
2003/12/26,0.85,0.85,5.44,y戊↘忑-22.Z-12,8姖.__Aa龙猪._主,(升)人.孕孕vo,,屎降y↘,-12,-12,-12,323,True
2004/1/2,2.19,2.19,5.9,y戊↘忠-23.I,4蛀.__Be龙管根._主,升.尾连oQ.Q2,,屎降y↘,1,-13,-13,324,True
2004/1/9,-2.64,-2.64,1.32,y戊↘忑-24.Y暂,5暂.__Fa震正〇._主,(升)人.连后吞QV,,屎降y↘,-1,-14,-14,325,True
2004/1/16,0.51,0.51,1.19,y戊↘忑-25.Z-2暂,5暂.__Fa震正〇._主,(升)人.连后吞QVo,,屎降y↘,-2,-15,-15,326,True
2004/1/30,0,0,1.52,y戊↘忑-26.Z-3暂,5暂.__Fa震正〇._主,升.尾连oQ.Q2,,屎降y↘,-3,-16,-16,327,True
2004/2/6,5.9,5.9,9.61,r己↗忐-27.I暂,4暂.__Fe震正根.储,升.尾连QQ.Q3,,屎降r↗.4暂.__Fe震正根.储.魅6v,1,1,-17,328,True
2004/2/13,-3.03,-3.03,3.5,r己↗忐-28.B2暂,4暂.__Fe震正根.储,升.尾反孕Qv,,屎降r↗.4暂.__Fe震正根.储.魅6v,2,2,-18,329,True
2004/2/20,2.79,2.79,4.11,r己↗忐-29.B3暂,4暂.__Fe震正根.储,(升)人.孕孕vo,,屎降r↗.4暂.__Fe震正根.储.魅6v,3,3,-19,330,True
2004/2/27,-6.87,-6.87,3.83,y戊↘忑-30.Y暂,5暂.__Fa震正〇._再B,跌.尾吞oV,,屎降y↘,-1,-1,-20,331,True
2004/3/5,-1.89,-1.89,1.03,y戊↘忑-31.Z-2暂,5暂.__Aa龙猪._再B,跌.尾连VW.W2,,屎降y↘,-2,-2,-21,332,True
2004/3/12,1.05,1.05,2.27,y戊↘忑-32.Z-3暂,5暂.__Aa龙猪._再B,跌.尾反孕Wo,,屎降y↘,-3,-3,-22,333,True
2004/3/19,2.08,2.08,3.46,y戊↘忑-33.Z-4,7姗.__Bd龙管杂._再B,升.尾连oQ.Q2,,屎降y↘,-4,-4,-23,334,True
2004/3/26,-3.05,-3.05,0.51,y戊↘忑-34.Z-5,7姗.__Fa震正〇._主,(升)人.连后吞QV,,屎降y↘,-5,-5,-24,335,True
2004/4/2,-1.05,-1.05,0.35,y戊↘忑-35.Z-6,7姗.__Bd龙管杂._主,跌.尾连VW.W2,,屎降y↘,-6,-6,-25,336,True
2004/4/9,1.77,1.77,4.24,y戊↘忑-36.Z-7,7姗.__Bd龙管杂._主,(跌)人.连后吞WO,,屎降y↘,-7,-7,-26,337,True
2004/4/16,-2.08,-2.08,1.04,y戊↘忑-37.Z-8,8姖.__Aa龙猪._主,(人)人.吞吞* OV,,屎降y↘,-8,-8,-27,338,True
2004/4/23,-8.16,-8.16,3.19,y戊↘忑-38.Z-9,8姖.__Aa龙猪._主,跌.尾连VW.W2,,屎降y↘,-9,-9,-28,339,True
2004/4/30,-11.2,-11.2,0,y戊↘忑-39.Z-10,8姖.__Aa龙猪._主,跌.尾连WW.W3,,屎降y↘,-10,-10,-29,340,True
2004/5/14,2.61,2.61,8.04,y戊↘忑-40.Z-11,9妩.__Aa龙猪._主,跌.尾反孕Wo,,屎降y↘,-11,-11,-30,341,True
2004/5/21,15.47,15.47,17.37,y戊↘忠-41.I,4蛀.__Be龙管根._主,升.尾连oQ.Q2,,屎降y↘,1,-12,-31,342,True
2004/5/28,-4.04,-4.04,2.02,y戊↘忠-42.B2,4蛀.__Be龙管根._主,升.尾反孕Qv,,屎降y↘,2,-13,-32,343,True
2004/6/4,-1.15,-1.15,3.82,y戊↘忑-43.Y暂,5暂.__Fa震正〇._主,跌.尾连vW.W2,,屎降y↘,-1,-14,-33,344,True
2004/6/11,-3.68,-3.68,0.97,y戊↘忑-44.Z-2暂,5暂.__Fa震正〇._主,跌.尾连WW.W3,,屎降y↘,-2,-15,-34,345,True
2004/6/17,-3.41,-3.41,0.2,y戊↘忑-45.Z-3暂,5暂.__Fa震正〇._主,跌.尾连WW.W4,,屎降y↘,-3,-16,-35,346,True
2004/6/25,1.87,1.87,4.99,y戊↘忑-46.Z-4,9妩.__Fa震正〇._主,跌.尾反孕Wo,,屎降y↘,-4,-17,-36,347,True
2004/7/2,1.84,1.84,3.47,y戊↘忑-47.Z-5,7姗.__Fa震正〇._主,升.尾连oQ.Q2,,屎降y↘,-5,-18,-37,348,True
2004/7/9,-0.2,-0.2,0,y戊↘忑-48.Z-6,7姗.__Fa震正〇._主,升.尾反孕Qv,,屎降y↘,-6,-19,-38,349,True
2004/7/16,-3.82,-3.82,-0.6,y戊↘忑-49.Z-7,7姗.__Fa震正〇._主,跌.尾连vW.W2,,屎降y↘,-7,-20,-39,350,True
2004/7/23,-1.88,-1.88,1.04,y戊↘忑-50.Z-8,7姗.__Fa震正〇._主,跌.尾连WW.W3,,屎降y↘,-8,-21,-40,351,True
2004/7/30,4.68,4.68,11.06,y戊↘忑-51.Z-9,8姖.__Aa龙猪._主,(跌)人.连后吞WO,,屎降y↘,-9,-22,-41,352,True
2004/8/6,-8.54,-8.54,-0.61,y戊↘忑-52.Z-10,8姖.__Aa龙猪._主,(人)人.吞吞* OV,,屎降y↘,-10,-23,-42,353,True
2004/8/13,-8.89,-8.89,3.33,y戊↘忑-53.Z-11,8姖.__Aa龙猪._主,跌.尾连VW.W2,,屎降y↘,-11,-24,-43,354,True
2004/8/20,-15.85,-15.85,-4.63,y戊↘忑-54.Z-12,8姖.__Aa龙猪._主,跌.尾连WW.W3,,屎降y↘,-12,-25,-44,355,True
2004/8/27,-0.58,-0.58,5.51,y戊↘忑-55.Z-13,9妩.__Aa龙猪._主,跌.尾连WW.W4,,屎降y↘,-13,-26,-45,356,True
2004/9/3,1.46,1.46,5.25,y戊↘忑-56.Z-14,8姖.__Aa龙猪._主,(跌)人.连后吞WO,,屎降y↘,-14,-27,-46,357,True
2004/9/10,-2.59,-2.59,0.86,y戊↘忑-57.Z-15,8姖.__Aa龙猪._主,(人)人.吞吞* OV,,屎降y↘,-15,-28,-47,358,True
2004/9/17,12.09,12.09,12.09,y戊↘忑-58.Z-16,6娝.__Bc龙管栅._主,(人)人.吞吞* VO,,屎降y↘,-16,-29,-48,359,True
2004/9/24,-1.05,-1.05,7.11,y戊↘忠-59.I,4蛀.__Be龙管根._主,(人)人.吞吞* VO,,屎降y↘,1,-30,-49,360,True
2004/9/30,-7.98,-7.98,1.06,y戊↘忑-60.Y暂,5暂.__Aa龙猪._主,跌.尾连vW.W2,,屎降y↘,-1,-31,-50,361,True
2004/10/8,-0.58,-0.58,0,y戊↘忑-61.Z-2暂,5暂.__Fa震正〇._主,跌.尾连WW.W3,,屎降y↘,-2,-32,-51,362,True
2004/10/15,7.27,7.27,15.12,y戊↘忠-62.I暂,4暂.__Fe震正根._主,(跌)人.连后吞WO,,屎降y↘,1,-33,-52,363,True
2004/10/22,-2.17,-2.17,8.94,y戊↘忠-63.B2暂,4暂.__Fe震正根._主,(跌)人.连后吞WOv,,屎降y↘,2,-34,-53,364,True
2004/10/29,-8.31,-8.31,2.22,y戊↘忑-64.Y暂,5暂.__Aa龙猪._主,跌.尾连vW.W2,,屎降y↘,-1,-35,-54,365,True
2004/11/5,-2.72,-2.72,4.53,y戊↘忑-65.Z-2暂,5暂.__Aa龙猪._主,跌.尾连WW.W3,,屎降y↘,-2,-36,-55,366,True
2004/11/12,7.45,7.45,11.49,y戊↘忑-66.Z-3暂,5暂.__Aa龙猪._主,(跌)人.连后吞WO,,屎降y↘,-3,-37,-56,367,True
2004/11/19,5.49,5.49,9.83,y戊↘忠-67.I暂,4暂.__Fe震正根._主,升.尾连OQ.Q2,,屎降y↘,1,-38,-57,368,True
2004/11/26,9.59,9.59,13.42,r己↗忐-68.B2暂,4暂.__Fe震正根.储,升.尾连QQ.Q3,,屎降r↗.4暂.__Fe震正根.储.魅6v,2,1,-58,369,True
2004/12/3,-7,-7,0.75,r己↗忐-69.B3暂,4暂.__Fe震正根.储,升.尾反孕Qv,,屎降r↗.4暂.__Fe震正根.储.魅6v,3,2,-59,370,True
2004/12/10,-7.8,-7.8,4.03,y戊↘忑-70.Y暂,5暂.__Fa震正〇._再B,跌.尾连vW.W2,,屎降y↘,-1,-1,-60,371,True
2004/12/17,-6.12,-6.12,2.62,y戊↘忑-71.Z-2暂,5暂.__Fa震正〇._再B,跌.尾连WW.W3,,屎降y↘,-2,-2,-61,372,True
2004/12/24,4.35,4.35,5.59,y戊↘忑-72.Z-3暂,5暂.__Fa震正〇._再B,跌.尾反孕Wo,,屎降y↘,-3,-3,-62,373,True
2004/12/31,2.08,2.08,8.04,y戊↘忑-73.Z-4,7姗.__Fa震正〇._再B,升.尾连oQ.Q2,,屎降y↘,-4,-4,-63,374,True
2005/1/7,-7.29,-7.29,0,y戊↘忑-74.Z-5,7姗.__Bd龙管杂._主,(升)人.连后吞QV,,屎降y↘,-5,-5,-64,375,True
2005/1/14,-0.94,-0.94,2.83,y戊↘忑-75.Z-6,7姗.__Bd龙管杂._主,跌.尾连VW.W2,,屎降y↘,-6,-6,-65,376,True
2005/1/21,0,0,4.13,y戊↘忑-76.Z-7,7姗.__Bd龙管杂._主,跌.尾反孕Wo,,屎降y↘,-7,-7,-66,377,True
2005/1/28,-6.67,-6.67,4.13,y戊↘忑-77.Z-8,9妩.__Aa龙猪._主,跌.尾吞oV,,屎降y↘,-8,-8,-67,378,True
2005/2/4,-2.72,-2.72,3.4,y戊↘忑-78.Z-9,9妩.__Aa龙猪._主,跌.尾连VW.W2,,屎降y↘,-9,-9,-68,379,True
2005/2/18,0,0,3.15,y戊↘忑-79.Z-10,9妩.__Aa龙猪._主,跌.尾反孕Wo,,屎降y↘,-10,-10,-69,380,True
2005/2/25,10.14,10.14,11.54,y戊↘忠-80.I,4蛀.__Be龙管根._主,升.尾连oQ.Q2,,屎降y↘,1,-11,-70,381,True
2005/3/4,-2.22,-2.22,10.16,y戊↘忠-81.B2,4蛀.__Fe震正根._主,升.尾反孕Qv,,屎降y↘,2,-12,-71,382,True
2005/3/11,-3.25,-3.25,4.22,y戊↘忑-82.Y暂,5暂.__Fa震正〇._主,跌.尾连vW.W2,,屎降y↘,-1,-13,-72,383,True
2005/3/18,-3.02,-3.02,2.01,y戊↘忑-83.Z-2暂,5暂.__Fa震正〇._主,跌.尾连WW.W3,,屎降y↘,-2,-14,-73,384,True
2005/3/25,7.27,7.27,17.65,y戊↘忠-84.I暂,4暂.__Fe震正根._主,(跌)人.连后吞WO,,屎降y↘,1,-15,-74,385,True
2005/4/1,-18.71,-18.71,-4.84,y戊↘忑-85.Y暂,5暂.__Aa龙猪._主,(人)人.吞吞* OV,,屎降y↘,-1,-16,-75,386,True
2005/4/8,-3.17,-3.17,0,y戊↘忑-86.Z-2暂,5暂.__Aa龙猪._主,跌.尾连VW.W2,,屎降y↘,-2,-17,-76,387,True
2005/4/15,-6.97,-6.97,3.28,y戊↘忑-87.Z-3暂,5暂.__Aa龙猪._主,跌.尾连WW.W3,,屎降y↘,-3,-18,-77,388,True
2005/4/22,-3.96,-3.96,4.85,y戊↘忑-88.Z-4,9妩.__Aa龙猪._主,跌.尾连WW.W4,,屎降y↘,-4,-19,-78,389,True
2005/4/29,-4.59,-4.59,3.21,y戊↘忑-89.Z-5,9妩.__Aa龙猪._主,跌.尾连WW.W5,,屎降y↘,-5,-20,-79,390,True
2005/5/13,-7.21,-7.21,2.4,y戊↘忑-90.Z-6,9妩.__Aa龙猪._主,跌.尾连WW.W6,,屎降y↘,-6,-21,-80,391,True
2005/5/20,4.66,4.66,10.36,y戊↘忑-91.Z-7,9妩.__Aa龙猪._主,跌.尾反孕Wo,,屎降y↘,-7,-22,-81,392,True
2005/5/27,0.5,0.5,5.45,y戊↘忑-92.Z-8,7姗.__Bd龙管杂._主,升.尾连oQ.Q2,,屎降y↘,-8,-23,-82,393,True
2005/6/3,-1.48,-1.48,6.9,y戊↘忑-93.Z-9,7姗.__Fa震正〇._主,(升)人.连后吞QV,,屎降y↘,-9,-24,-83,394,True
2005/6/10,11.5,11.5,14,y戊↘忠-94.I,4蛀.__Fe震正根._主,(人)人.吞吞* VO,,屎降y↘,1,-25,-84,395,True
2005/6/17,-9.87,-9.87,3.59,y戊↘忑-95.Y暂,5暂.__Fa震正〇._主,(人)人.吞吞* VO,,屎降y↘,-1,-26,-85,396,True
2005/6/24,-0.5,-0.5,2.99,y戊↘忑-96.Z-2暂,5暂.__Fa震正〇._主,跌.尾连vW.W2,,屎降y↘,-2,-27,-86,397,True
2005/7/1,-21.5,-21.5,2.5,y戊↘忑-97.Z-3暂,5暂.__Aa龙猪._主,跌.尾连WW.W3,,屎降y↘,-3,-28,-87,398,True
2005/7/8,-11.46,-11.46,-0.64,y戊↘忑-98.Z-4,9妩.__Aa龙猪._主,跌.尾连WW.W4,,屎降y↘,-4,-29,-88,399,True
2005/7/15,-4.32,-4.32,3.6,y戊↘忑-99.Z-5,9妩.__Aa龙猪._主,跌.尾连WW.W5,,屎降y↘,-5,-30,-89,400,True
2005/7/22,6.02,6.02,8.27,y戊↘忑-100.Z-6,9妩.__Aa龙猪._主,跌.尾反孕Wo,,屎降y↘,-6,-31,-90,401,True
2005/7/29,8.51,8.51,10.64,y戊↘忑-101.Z-7,7姗.__Bd龙管杂._主,升.尾连oQ.Q2,,屎降y↘,-7,-32,-91,402,True
2005/8/5,5.88,5.88,8.5,y戊↘忠-102.I,4蛀.__Be龙管根._主,升.尾连QQ.Q3,,屎降y↘,1,-33,-92,403,True
2005/8/12,11.11,11.11,17.9,y戊↘忠-103.B2,4蛀.__Fe震正根._主,升.尾连QQ.Q4,,屎降y↘,2,-34,-93,404,True
2005/8/19,10,10,18.89,r己↗忐-104.B3,4蛀.__Fe震正根.储,升.尾连QQ.Q5,,屎降r↗.4蛀.__Fe震正根.储.魅6v,3,1,-94,405,True
2005/8/26,-5.05,-5.05,1.01,r己↗忐-105.A4,0橅.__Fe震正根.储,升.尾反孕Qv,,屎降r↗.0橅.__Fe震正根.储.魅6v,4,2,-95,406,True
2005/9/2,3.72,3.72,4.79,r己↗忐-106.A5,0橅.__Fe震正根.储,升.尾吞vO,,屎降r↗.0橅.__Fe震正根.储.魅6v,5,3,-96,407,True
2005/9/9,0.51,0.51,3.59,a甲↗上1.A6,0橅.__Ff震负.储,升.尾连OQ.Q2,,屎降a↗.0橅.__Ff震负.储.魅6w,6,4,-97,408,True
2005/9/16,6.63,6.63,7.65,a甲↗上2.A7,0橅.__Ff震负.储,升.尾连QQ.Q3,,屎降a↗.0橅.__Ff震负.储.魅6w,7,5,-98,409,True
2005/9/23,-11.48,-11.48,4.78,b乙→中3.Y,5蛀.__Ff震负._再C,(升)人.连后吞QV,,屎降b→.5蛀.__Ff震负._再C.魅6h,-1,6,-99,410,True
2005/9/30,-14.05,-14.05,1.62,z丁↘忑-1.Z-2,5蛀.__Fa震正〇._再C,跌.尾连VW.W2,,屎降z↘,-2,-1,-100,411,True
2005/10/14,7.55,7.55,18.24,z丁↘忑-2.Z-3,5蛀.__Fa震正〇._再C,跌.尾反孕Wo,,屎降z↘,-3,-2,-101,412,True
2005/10/21,0,0,2.92,z丁↘忑-3.Z-4,7姗.__Fa震正〇._再C,升.尾连oQ.Q2,,屎降z↘,-4,-3,-102,413,True
2005/10/28,-17.54,-17.54,0,z丁↘忑-4.Z-5,7姗.__Bd龙管杂._再C,(升)人.连后吞QV,,屎降z↘,-5,-4,-103,414,True
2005/11/4,5.67,5.67,7.09,z丁↘忑-5.Z-6,7姗.__Bd龙管杂._主,(升)人.连后吞QVo,,屎降z↘,-6,-5,-104,415,True
2005/11/11,-2.01,-2.01,5.37,z丁↘忑-6.Z-7,7姗.__Bd龙管杂._主,(人)人.孕孕vo,,屎降z↘,-7,-6,-105,416,True
2005/11/18,5.48,5.48,7.53,z丁↘忑-7.Z-8,8姖.__Aa龙猪._主,升.尾吞vO,,屎降z↘,-8,-7,-106,417,True
2005/11/25,-1.3,-1.3,1.95,z丁↘忑-8.Z-9,8姖.__Fa震正〇._主,升.尾反孕vOv,,屎降z↘,-9,-8,-107,418,True
2005/12/2,-5.92,-5.92,1.32,z丁↘忑-9.Z-10,8姖.__Fa震正〇._主,跌.尾连vW.W2,,屎降z↘,-10,-9,-108,419,True
2005/12/9,0,0,1.4,z丁↘忑-10.Z-11,8姖.__Aa龙猪._主,跌.尾反孕Wo,,屎降z↘,-11,-10,-109,420,True
2005/12/16,4.9,4.9,9.09,z丁↘忑-11.Z-12,7姗.__Bd龙管杂._主,升.尾连oQ.Q2,,屎降z↘,-12,-11,-110,421,True
2005/12/23,-2,-2,1.33,z丁↘忑-12.Z-13,7姗.__Bd龙管杂._主,升.尾反孕Qv,,屎降z↘,-13,-12,-111,422,True
2005/12/30,0,0,2.72,z丁↘忑-13.Z-14,7姗.__Fa震正〇._主,(升)人.孕孕vo,,屎降z↘,-14,-13,-112,423,True
2006/1/6,0.68,0.68,2.04,z丁↘忑-14.Z-15,6娝.__Fa震正〇._主,升.尾连oQ.Q2,,屎降z↘,-15,-14,-113,424,True
2006/1/13,11.49,11.49,16.22,r己↗忐-15.I,4蛀.__Fe震正根.储,升.尾连QQ.Q3,,屎降r↗.4蛀.__Fe震正根.储.魅6v,1,1,-114,425,True
2006/1/20,-5.45,-5.45,0,r己↗忐-16.B2,4蛀.__Fe震正根.储,升.尾反孕Qv,,屎降r↗.4蛀.__Fe震正根.储.魅6v,2,2,-115,426,True
2006/1/25,-7.05,-7.05,0,y戊↘忑-17.Y暂,5暂.__Fa震正〇._再B,跌.尾连vW.W2,,屎降y↘,-1,-1,-116,427,True
2006/2/10,8.28,8.28,8.97,r己↗忐-18.I暂,4暂.__Fe震正根.储,(跌)人.连后吞WO,,屎降r↗.4暂.__Fe震正根.储.魅6v,1,1,-117,428,True
2006/2/17,-1.27,-1.27,2.55,r己↗忐-19.B2暂,4暂.__Fe震正根.储,(跌)人.连后吞WOv,,屎降r↗.4暂.__Fe震正根.储.魅6v,2,2,-118,429,True
2006/2/24,0.65,0.65,2.58,r己↗忐-20.B3暂,4暂.__Fe震正根.储,(人)人.孕孕vo,,屎降r↗.4暂.__Fe震正根.储.魅6v,3,3,-119,430,True
2006/3/3,-2.56,-2.56,2.56,y戊↘忑-21.Y暂,5暂.__Fa震正〇._再B,跌.尾吞oV,,屎降y↘,-1,-1,-120,431,True
2006/3/10,-4.61,-4.61,1.32,y戊↘忑-22.Z-2暂,5暂.__Aa龙猪._再B,跌.尾连VW.W2,,屎降y↘,-2,-2,-121,432,True
2006/3/17,-0.69,-0.69,1.38,y戊↘忑-23.Z-3暂,5暂.__Aa龙猪._再B,跌.尾连WW.W3,,屎降y↘,-3,-3,-122,433,True
2006/3/24,2.08,2.08,5.56,y戊↘忑-24.Z-4,8姖.__Aa龙猪._再B,(跌)人.连后吞WO,,屎降y↘,-4,-4,-123,434,True
2006/3/31,-4.08,-4.08,1.36,y戊↘忑-25.Z-5,8姖.__Aa龙猪._主,(人)人.吞吞* OV,,屎降y↘,-5,-5,-124,435,True
2006/4/7,0.71,0.71,2.84,y戊↘忑-26.Z-6,8姖.__Aa龙猪._主,(人)人.吞吞* OV,,屎降y↘,-6,-6,-125,436,True
2006/4/14,2.11,2.11,5.63,y戊↘忑-27.Z-7,7姗.__Bd龙管杂._主,升.尾连oQ.Q2,,屎降y↘,-7,-7,-126,437,True
2006/4/21,-5.52,-5.52,1.38,y戊↘忑-28.Z-8,7姗.__Bd龙管杂._主,(升)人.连后吞QV,,屎降y↘,-8,-8,-127,438,True
2006/4/28,5.84,5.84,9.49,y戊↘忠-29.I,4蛀.__Be龙管根._主,(人)人.吞吞* VO,,屎降y↘,1,-9,-128,439,True
2006/5/12,34.48,34.48,34.48,a甲↗上1.B2,4蛀.Aa龙猪.储,升.尾连OQ.Q2,宽高,唏待a↗.4蛀.Aa龙猪.储,2,1,1,440,True
2006/5/19,13.33,13.33,13.33,a甲↗上2.B3,4蛀.Aa龙猪.初,升.尾连QQ.Q3,宽连3,银升a↗.4蛀.Aa龙猪.初,3,2,2,441,True
2006/5/26,7.24,7.24,9.95,a甲↗上3.A4,0橅.Aa龙猪.初,升.尾连QQ.Q4,宽连4,银升a↗.0橅.Aa龙猪.初,4,3,3,442,True
2006/6/2,0,0,9.28,a甲↗上4.A5,0橅.Aa龙猪.初,升.尾连QQ.Q5,宽连5,银升a↗.0橅.Aa龙猪.初,5,4,4,443,True
2006/6/9,-10.13,-10.13,6.75,a甲↗上5.A6,1柜.Aa龙猪.初,(升)人.连后吞QV,宽,银升a↗.1柜.Aa龙猪.初,6,5,5,444,True
2006/6/16,8.45,8.45,8.45,a甲↗上6.A7,1柜.Aa龙猪.初,(升)人.连后吞QVo,,银升a↗.1柜.Aa龙猪.初,7,6,6,445,True
2006/6/23,-2.6,-2.6,2.16,a甲↗上7.A8,1柜.Fa震正〇.主,(人)人.孕孕vo,,银升a↗.1柜.Fa震正〇.主,8,7,7,446,True
2006/6/30,5.33,5.33,8,a甲↗上8.A9,1柜.Fa震正〇.主,升.尾吞vO,,银升a↗.1柜.Fa震正〇.主,9,8,8,447,True
2006/7/7,-1.69,-1.69,2.11,a甲↗上9.A10,0橅.Fa震正〇.主,升.尾反孕vOv,,银升a↗.0橅.Fa震正〇.主,10,9,9,448,True
2006/7/14,-9.87,-9.87,5.58,b乙→中10.Y,5蛀.Fe震正根.主,跌.尾连vW.W2,,银升b→.5蛀.Fe震正根.主,-1,10,10,449,True
2006/7/21,-0.95,-0.95,6.19,b乙→中11.Z-2,5蛀.Fe震正根.主,跌.尾连WW.W3,,银升b→.5蛀.Fe震正根.主,-2,11,11,450,True
2006/7/28,2.4,2.4,6.25,b乙→中12.Z-3,5蛀.Fe震正根.主,(跌)人.连后吞WO,,银升b→.5蛀.Fe震正根.主,-3,12,12,451,True
2006/8/4,-13.62,-13.62,0.94,c丙↘下13.Z-4,8姖.__Df头负._破,(人)人.吞吞* OV,,屎降c↘.逃4v,-4,-1,-1,452,True
2006/8/11,4.35,4.35,5.43,z丁↘忑-1.Z-5,8姖.__Aa龙猪._破,(人)人.吞吞* OV,,屎降z↘,-5,-2,-2,453,True
2006/8/18,-4.17,-4.17,1.04,z丁↘忑-2.Z-6,8姖.__Aa龙猪._破,(人)人.孕孕vo,,屎降z↘,-6,-3,-3,454,True
2006/8/25,16.3,16.3,20.65,r己↗忐-3.I,4蛀.Df头负.再C,升.尾吞vO,高,唏待r↗.4蛀.Df头负.再C.口2I,1,1,1,455,True
2006/9/1,8.41,8.41,8.41,a甲↗上1.B2,4蛀.Dd头正芽.再C,升.尾连OQ.Q2,,银升a↗.4蛀.Dd头正芽.再C,2,2,2,456,True
2006/9/8,-3.45,-3.45,3.02,a甲↗上2.B3,4蛀.Dd头正芽.再C,升.尾反孕Qv,,银升a↗.4蛀.Dd头正芽.再C,3,3,3,457,True
2006/9/15,8.04,8.04,9.82,a甲↗上3.A4,0橅.Aa龙猪.再C,升.尾吞vO,,银升a↗.0橅.Aa龙猪.再C,4,4,4,458,True
2006/9/22,2.89,2.89,7.44,a甲↗上4.A5,0橅.Aa龙猪.再C,升.尾连OQ.Q2,,银升a↗.0橅.Aa龙猪.再C,5,5,5,459,True
2006/9/29,13.25,13.25,15.26,a甲↗上5.A6,0橅.Aa龙猪.主,升.尾连QQ.Q3,高连3,银升a↗.0橅.Aa龙猪.主,6,6,6,460,True
2006/10/13,4.61,4.61,8.16,a甲↗上6.A7,0橅.Aa龙猪.主,升.尾连QQ.Q4,连4,金升a↗.0橅.Aa龙猪.主,7,7,7,461,True
2006/10/20,-11.53,-11.53,2.37,a甲↗上7.A8,1柜.Aa龙猪.主,(升)人.连后吞QV,,金升a↗.1柜.Aa龙猪.主,8,8,8,462,True
2006/10/27,-7.66,-7.66,3.83,b乙→中8.Y,5蛀.Be龙管根.主,跌.尾连VW.W2,,金升b→.5蛀.Be龙管根.主,-1,9,9,463,True
2006/11/3,1.24,1.24,4.98,b乙→中9.Z-2,5蛀.Fe震正根.主,跌.尾反孕Wo,,金升b→.5蛀.Fe震正根.主,-2,10,10,464,True
2006/11/10,-7.38,-7.38,0.41,c丙↘下10.Z-3,5蛀.Fe震正根.破,跌.尾吞oV,宽,金升c↘.被3v,-3,-1,11,465,True
2006/11/17,8.41,8.41,8.85,c丙↘下11.Z-4,8姖.Fe震正根.破,(跌)人.吞吞oVO,宽,金升c↘.被3v,-4,-2,12,466,True
2006/11/24,2.86,2.86,3.67,b乙↗上12.I,4蛀.Dd头正芽.再B,升.尾连OQ.Q2,,金升b↗.4蛀.Dd头正芽.再B,1,1,13,467,True
2006/12/8,-10.32,-10.32,1.19,c丙↘下13.Y暂,5暂.Fe震正根.破,(升)人.连后吞QV,,金升c↘.被3v,-1,-1,14,468,True
2006/12/11,-1.33,-1.33,3.1,z丁↘忑-1.Z-2暂,5暂.__Fa震正〇._破,跌.尾连VW.W2,,嘘待z↘,-2,-2,-1,469,True
2007/1/12,38.57,38.57,55.61,a甲↗上1.I暂,4暂.Aa龙猪.再C,(跌)人.连后吞WO,宽高,金升a↗.4暂.Aa龙猪.再C,1,1,1,470,True
2007/1/19,21.68,21.68,33.33,a甲↗上2.B2暂,4暂.Aa龙猪.再C,升.尾连OQ.Q2,宽高,金升a↗.4暂.Aa龙猪.再C,2,2,2,471,True
2007/1/26,-1.06,-1.06,7.45,a甲↗上3.B3暂,4暂.Aa龙猪.再C,升.尾反孕Qv,宽,金升a↗.4暂.Aa龙猪.再C,3,3,3,472,True
2007/2/2,-4.3,-4.3,11.29,a甲↗上4.A4,2栅.Bc龙管栅.再C,跌.尾连vW.W2,宽,金升a↗.2栅.Bc龙管栅.再C,4,4,4,473,True
2007/2/9,8.15,8.15,11.8,a甲↗上5.A5,2栅.Bc龙管栅.主,(跌)人.连后吞WO,,金升a↗.2栅.Bc龙管栅.主,5,5,5,474,True
2007/2/16,12.47,12.47,16.36,a甲↗上6.A6,2栅.Bc龙管栅.主,升.尾连OQ.Q2,宽高,金升a↗.2栅.Bc龙管栅.主,6,6,6,475,True
2007/3/2,-6.47,-6.47,4.85,a甲↗上7.A7,2栅.Bc龙管栅.主,升.尾反孕Qv,,金升a↗.2栅.Bc龙管栅.主,7,7,7,476,True
2007/3/9,7.9,7.9,12.1,a甲↗上8.A8,0橅.Aa龙猪.主,升.尾吞vO,,金升a↗.0橅.Aa龙猪.主,8,8,8,477,True
2007/3/16,6.41,6.41,12.59,a甲↗上9.A9,0橅.Aa龙猪.主,升.尾连OQ.Q2,,金升a↗.0橅.Aa龙猪.主,9,9,9,478,True
2007/3/23,16.56,16.56,19.35,a甲↗上10.A10,0橅.Aa龙猪.主,升.尾连QQ.Q3,宽高连3,金升a↗.0橅.Aa龙猪.主,10,10,10,479,True
2007/3/30,0.18,0.18,11.25,a甲↗上11.A11,0橅.Aa龙猪.主,升.尾连QQ.Q4,宽连4,金升a↗.0橅.Aa龙猪.主,11,11,11,480,True
2007/4/6,8.1,8.1,10.31,a甲↗上12.A12,0橅.Aa龙猪.主,升.尾连QQ.Q5,连5,金升a↗.0橅.Aa龙猪.主,12,12,12,481,True
2007/4/13,-1.19,-1.19,2.73,a甲↗上13.A13,0橅.Aa龙猪.主,升.尾反孕Qv,,金升a↗.0橅.Aa龙猪.主,13,13,13,482,True
2007/4/20,8.62,8.62,13.97,a甲↗上14.A14,0橅.Aa龙猪.主,升.尾吞vO,,金升a↗.0橅.Aa龙猪.主,14,14,14,483,True
2007/4/27,31.9,31.9,31.9,a甲↗上15.A15,0橅.Aa龙猪.主,升.尾连OQ.Q2,宽高,金升a↗.0橅.Aa龙猪.主,15,15,15,484,True
2007/4/30,9.99,9.99,9.99,a甲↗上16.A16,0橅.Aa龙猪.主,升.尾连QQ.Q3,宽连3,金升a↗.0橅.Aa龙猪.主,16,16,16,485,True
2007/5/11,-7.55,-7.55,6.56,a甲↗上17.A17,1柜.Aa龙猪.主,(升)人.连后吞QV,宽,金升a↗.1柜.Aa龙猪.主,17,17,17,486,True
2007/5/18,-1.18,-1.18,3.91,a甲↗上18.A18,2栅.Bc龙管栅.主,跌.尾连VW.W2,宽,金升a↗.2栅.Bc龙管栅.主,18,18,18,487,True
2007/5/25,7.07,7.07,10.3,a甲↗上19.A19,2栅.Bc龙管栅.主,(跌)人.连后吞WO,,金升a↗.2栅.Bc龙管栅.主,19,19,19,488,True
2007/6/1,-26.17,-26.17,3.24,b乙→中20.Y,5蛀.Fe震正根.主,(人)人.吞吞* OV,宽,金升b→.5蛀.Fe震正根.主,-1,20,20,489,True
2007/6/8,-1.97,-1.97,-1.97,c丙↘下21.Z-2,5蛀.Fe震正根.破,跌.尾连VW.W2,宽,金升c↘.被3v,-2,-1,21,490,True
2007/6/15,-7.57,-7.57,2.01,c丙↘下22.Z-3,5蛀.Fe震正根.破,跌.尾连WW.W3,宽,金升c↘.被3v,-3,-2,22,491,True
2007/6/22,-4.01,-4.01,8.19,c丙↘下23.Z-4,9妩.Fe震正根.破,跌.尾连WW.W4,宽,金升c↘.被3v,-4,-3,23,492,True
2007/6/29,-25.26,-25.26,1.57,z丁↘忑-1.Z-5,9妩.__Aa龙猪._破,跌.尾连WW.W5,,嘘待z↘,-5,-4,-1,493,True
2007/7/6,19.35,19.35,19.35,z丁↘忑-2.Z-6,9妩.__Aa龙猪._破,跌.尾反孕Wo,,嘘待z↘,-6,-5,-2,494,True
2007/7/13,32.03,32.03,38.48,r己↗忐-3.I,4蛀.Df头负.再C,升.尾连oQ.Q2,高,金升r↗.4蛀.Df头负.再C.口2I,1,1,1,495,True
2007/7/20,-0.59,-0.59,12.87,r己↗忐-4.B2,4蛀.Df头负.再C,升.尾反孕Qv,宽,金升r↗.4蛀.Df头负.再C.口2I,2,2,2,496,True
2007/7/27,21.73,21.73,27.68,a甲↗上1.B3,4蛀.Dd头正芽.再C,升.尾吞vO,宽高,金升a↗.4蛀.Dd头正芽.再C,3,3,3,497,True
2007/8/3,3.3,3.3,5.87,a甲↗上2.A4,0橅.Dd头正芽.再C,升.尾连OQ.Q2,宽,金升a↗.0橅.Dd头正芽.再C,4,4,4,498,True
2007/8/10,-18.46,-18.46,-0.12,a甲↗上3.A5,1柜.Dd头正芽.再C,(升)人.连后吞QV,,金升a↗.1柜.Dd头正芽.再C,5,5,5,499,True
2007/8/17,7.84,7.84,16.11,a甲↗上4.A6,1柜.Dd头正芽.再C,(升)人.连后吞QVo,高,金升a↗.1柜.Dd头正芽.再C,6,6,6,500,True
2007/8/24,-1.75,-1.75,3.77,a甲↗上5.A7,1柜.Dd头正芽.主,(人)人.孕孕vo,,金升a↗.1柜.Dd头正芽.主,7,7,7,501,True
2007/8/31,-2.6,-2.6,2.19,b乙→中6.Y,5蛀.De头正根.主,跌.尾连vW.W2,,金升b→.5蛀.De头正根.主,-1,8,8,502,True
2007/9/7,5.63,5.63,9.56,b乙↗上7.I暂,4暂.Dd头正芽.主,(跌)人.连后吞WO,,金升b↗.4暂.Dd头正芽.主,1,9,9,503,True
2007/9/14,-5.99,-5.99,7.72,b乙→中8.Y暂,5暂.De头正根.主,(人)人.吞吞* OV,,金升b→.5暂.De头正根.主,-1,10,10,504,True
2007/9/21,-4.11,-4.11,2.69,c丙↘下9.Z-2暂,5暂.Fe震正根.破,跌.尾连VW.W2,,金升c↘.被3v,-2,-1,11,505,True
2007/9/28,-0.74,-0.74,3.99,c丙↘下10.Z-3暂,5暂.Fe震正根.破,跌.尾连WW.W3,,金升c↘.被3v,-3,-2,12,506,True
2007/10/12,-8.78,-8.78,3.57,z丁↘忑-1.Z-4,9妩.__Aa龙猪._破,跌.尾连WW.W4,,嘘待z↘,-4,-3,-1,507,True
2007/10/19,-3.1,-3.1,6.69,z丁↘忑-2.Z-5,9妩.__Aa龙猪._破,跌.尾连WW.W5,,嘘待z↘,-5,-4,-2,508,True
2007/10/26,-15.15,-15.15,-0.17,z丁↘忑-3.Z-6,9妩.__Aa龙猪._初,跌.尾连WW.W6,,嘘待z↘,-6,-5,-3,509,True
2007/11/2,0.6,0.6,13.29,z丁↘忑-4.Z-7,9妩.__Aa龙猪._初,跌.尾反孕Wo,,尿降z↘,-7,-6,-4,510,True
2007/11/9,1.78,1.78,8.48,z丁↘忑-5.Z-8,7姗.__Bd龙管杂._初,升.尾连oQ.Q2,,尿降z↘,-8,-7,-5,511,True
2007/11/16,8.14,8.14,9.11,z丁↘忑-6.Z-9,6娝.__Bc龙管栅._初,升.尾连QQ.Q3,,嘘待z↘,-9,-8,-6,512,True
2007/11/23,-6.99,-6.99,3.58,z丁↘忑-7.Z-10,6娝.__Fa震正〇._初,升.尾反孕Qv,,尿降z↘,-10,-9,-7,513,True
2007/11/30,17.15,17.15,21.19,y戊↘忠-8.I,4蛀.__Fe震正根._初,升.尾吞vO,,嘘待y↘,1,-10,-8,514,True
2007/12/7,-0.99,-0.99,0.66,r己↗忐-9.B2,4蛀.__Fe震正根.储,升.尾反孕vOv,,嘘待r↗.4蛀.__Fe震正根.储.魅6v,2,1,-9,515,True
2007/12/14,-0.17,-0.17,5.32,r己↗忐-10.B3,4蛀.__Fe震正根.储,跌.尾连vW.W2,,嘘待r↗.4蛀.__Fe震正根.储.魅6v,3,2,-10,516,True
2007/12/21,4.66,4.66,7.15,r己↗忐-11.A4,2栅.Df头负.储,(跌)人.连后吞WO,,金升r↗.2栅.Df头负.储.口1v,4,3,1,517,True
2007/12/28,8.74,8.74,14.63,a甲↗上1.A5,2栅.Bc龙管栅.初,升.尾连OQ.Q2,,金升a↗.2栅.Bc龙管栅.初,5,4,2,518,True
2008/1/4,1.32,1.32,4.39,a甲↗上2.A6,2栅.Bc龙管栅.初,升.尾连QQ.Q3,连3,金升a↗.2栅.Bc龙管栅.初,6,5,3,519,True
2008/1/11,-0.43,-0.43,3.9,a甲↗上3.A7,0橅.Aa龙猪.初,升.尾反孕Qv,,金升a↗.0橅.Aa龙猪.初,7,6,4,520,True
2008/1/18,9.13,9.13,11.88,a甲↗上4.A8,0橅.Aa龙猪.初,升.尾吞vO,,金升a↗.0橅.Aa龙猪.初,8,7,5,521,True
2008/1/25,-13.41,-13.41,1.73,b乙→中5.Y,5蛀.Be龙管根.初,(升)人.吞吞vOV,,金升b→.5蛀.Be龙管根.初,-1,8,6,522,True
2008/2/1,-5.83,-5.83,-0.15,c丙↘下6.Z-2,5蛀.Fe震正根.破,跌.尾连VW.W2,,金升c↘.被3v,-2,-1,7,523,True
2008/2/5,4.23,4.23,7,c丙↘下7.Z-3,5蛀.Fe震正根.破,跌.尾反孕Wo,,金升c↘.被3v,-3,-2,8,524,True
2008/2/15,0.78,0.78,3.28,c丙↘下8.Z-4,7姗.Fe震正根.破,升.尾连oQ.Q2,,金升c↘.被3v,-4,-3,9,525,True
2008/2/22,4.5,4.5,6.51,b乙↗上9.I,4蛀.Dd头正芽.再B,升.尾连QQ.Q3,连3,金升b↗.4蛀.Dd头正芽.再B,1,1,10,526,True
2008/2/29,2.67,2.67,3.12,b乙↗上10.B2,4蛀.Dd头正芽.再B,升.尾连QQ.Q4,连4,金升b↗.4蛀.Dd头正芽.再B,2,2,11,527,True
2008/3/7,2.6,2.6,6.21,b乙↗上11.B3,4蛀.Dd头正芽.再B,升.尾连QQ.Q5,连5,金升b↗.4蛀.Dd头正芽.再B,3,3,12,528,True
2008/3/14,-10.7,-10.7,-0.7,c丙↘下12.Y暂,5暂.Fe震正根.破,(升)人.连后吞QV,,金升c↘.被3v,-1,-1,13,529,True
2008/3/21,-9.31,-9.31,1.74,z丁↘忑-1.Z-2暂,5暂.__Aa龙猪._破,跌.尾连VW.W2,,嘘待z↘,-2,-2,-1,530,True
2008/3/28,-4.17,-4.17,4,z丁↘忑-2.Z-3暂,5暂.__Aa龙猪._初,跌.尾连WW.W3,,尿降z↘,-3,-3,-2,531,True
2008/4/3,-17.97,-17.97,-1.09,z丁↘忑-3.Z-4,9妩.__Aa龙猪._初,跌.尾连WW.W4,,尿降z↘,-4,-4,-3,532,True
2008/4/11,6.19,6.19,8.85,z丁↘忑-4.Z-5,9妩.__Aa龙猪._初,跌.尾反孕Wo,,尿降z↘,-5,-5,-4,533,True
2008/4/18,-19.17,-19.17,-1.87,z丁↘忑-5.Z-6,9妩.__Aa龙猪._初,跌.尾吞oV,,尿降z↘,-6,-6,-5,534,True
2008/4/24,18.04,18.04,18.04,z丁↘忑-6.Z-7,9妩.__Aa龙猪._初,跌.尾反孕oVo,,尿降z↘,-7,-7,-6,535,True
2008/4/30,-0.44,-0.44,1.97,z丁↘忑-7.Z-8,9妩.__Aa龙猪._主,(跌)人.孕孕ov,,尿降z↘,-8,-8,-7,536,True
2008/5/9,1.1,1.1,4.61,z丁↘忑-8.Z-9,8姖.__Aa龙猪._主,升.尾吞vO,,尿降z↘,-9,-9,-8,537,True
2008/5/16,12.58,12.58,23.64,y戊↘忠-9.I,4蛀.__Fe震正根._主,升.尾连OQ.Q2,,尿降y↘,1,-10,-9,538,True
2008/5/23,-4.43,-4.43,2.12,y戊↘忠-10.B2,4蛀.__Fe震正根._主,升.尾反孕Qv,,尿降y↘,2,-11,-10,539,True
2008/5/30,-1.61,-1.61,7.26,y戊↘忠-11.B3,4蛀.__Fe震正根._主,跌.尾连vW.W2,,尿降y↘,3,-12,-11,540,True
2008/6/5,-4.92,-4.92,1.43,y戊↘忑-12.Y暂,5暂.__Fa震正〇._主,跌.尾连WW.W3,,屎降y↘,-1,-13,-12,541,True
2008/6/13,-14.44,-14.44,-3.66,y戊↘忑-13.Z-2暂,5暂.__Fa震正〇._主,跌.尾连WW.W4,,屎降y↘,-2,-14,-13,542,True
2008/6/20,-5.54,-5.54,9.07,y戊↘忑-14.Z-3暂,5暂.__Aa龙猪._主,跌.尾连WW.W5,,屎降y↘,-3,-15,-14,543,True
2008/6/27,-5.07,-5.07,5.6,y戊↘忑-15.Z-4,9妩.__Aa龙猪._主,跌.尾连WW.W6,,屎降y↘,-4,-16,-15,544,True
2008/7/4,8.15,8.15,8.15,y戊↘忑-16.Z-5,8姖.__Aa龙猪._主,(跌)人.连后吞WO,,屎降y↘,-5,-17,-16,545,True
2008/7/11,2.34,2.34,8.57,y戊↘忑-17.Z-6,7姗.__Bd龙管杂._主,升.尾连OQ.Q2,,屎降y↘,-6,-18,-17,546,True
2008/7/18,-2.28,-2.28,7.87,y戊↘忑-18.Z-7,7姗.__Bd龙管杂._主,(升)人.连后吞QV,,屎降y↘,-7,-19,-18,547,True
2008/7/25,4.68,4.68,7.53,y戊↘忠-19.I,4蛀.__Fe震正根._主,(人)人.吞吞* VO,,屎降y↘,1,-20,-19,548,True
2008/8/1,-2.73,-2.73,5.96,y戊↘忑-20.Y暂,5暂.__Fa震正〇._主,(人)人.吞吞* VO,,屎降y↘,-1,-21,-20,549,True
2008/8/8,-7.65,-7.65,4.85,y戊↘忑-21.Z-2暂,5暂.__Fa震正〇._主,跌.尾连vW.W2,,屎降y↘,-2,-22,-21,550,True
2008/8/15,-8.01,-8.01,-0.28,y戊↘忑-22.Z-3暂,5暂.__Aa龙猪._主,跌.尾连WW.W3,,屎降y↘,-3,-23,-22,551,True
2008/8/22,5.11,5.11,7.51,y戊↘忑-23.Z-4,9妩.__Aa龙猪._主,跌.尾反孕Wo,,屎降y↘,-4,-24,-23,552,True
2008/8/29,-5.71,-5.71,1.71,y戊↘忑-24.Z-5,9妩.__Aa龙猪._主,跌.尾吞oV,,屎降y↘,-5,-25,-24,553,True
2008/9/5,-7.27,-7.27,0,y戊↘忑-25.Z-6,9妩.__Fa震正〇._主,跌.尾连VW.W2,,屎降y↘,-6,-26,-25,554,True
2008/9/12,2.94,2.94,14.05,y戊↘忑-26.Z-7,9妩.__Aa龙猪._主,跌.尾反孕Wo,,屎降y↘,-7,-27,-26,555,True
2008/9/19,-5.08,-5.08,0.32,y戊↘忑-27.Z-8,9妩.__Aa龙猪._主,跌.尾吞oV,,屎降y↘,-8,-28,-27,556,True
2008/9/26,4.35,4.35,9.36,y戊↘忑-28.Z-9,9妩.__Aa龙猪._主,跌.尾反孕oVo,,屎降y↘,-9,-29,-28,557,True
2008/10/10,-16.03,-16.03,0.96,y戊↘忑-29.Z-10,9妩.__Aa龙猪._主,跌.尾吞oV,,屎降y↘,-10,-30,-29,558,True
2008/10/17,-7.25,-7.25,8.78,y戊↘忑-30.Z-11,9妩.__Aa龙猪._主,跌.尾连VW.W2,,屎降y↘,-11,-31,-30,559,True
2008/10/24,10.29,10.29,14.4,y戊↘忑-31.Z-12,8姖.__Aa龙猪._主,(跌)人.连后吞WO,,屎降y↘,-12,-32,-31,560,True
2008/10/31,-16.04,-16.04,0,y戊↘忑-32.Z-13,8姖.__Aa龙猪._主,(人)人.吞吞* OV,,屎降y↘,-13,-33,-32,561,True
2008/11/7,0,0,0,y戊↘忑-33.Z-14,8姖.__Aa龙猪._主,(人)人.吞吞* OV,,屎降y↘,-14,-34,-33,562,True
2008/11/14,15.11,15.11,16.44,y戊↘忑-34.Z-15,7姗.__Bd龙管杂._主,升.尾连oQ.Q2,,屎降y↘,-15,-35,-34,563,True
2008/11/20,2.7,2.7,5.79,y戊↘忠-35.I,4蛀.__Be龙管根._主,升.尾连QQ.Q3,,屎降y↘,1,-36,-35,564,True
2008/11/28,-5.64,-5.64,2.63,y戊↘忑-36.Y暂,5暂.__Fa震正〇._主,(升)人.连后吞QV,,屎降y↘,-1,-37,-36,565,True
2008/12/5,13.55,13.55,14.74,y戊↘忠-37.I暂,4暂.__Fe震正根._主,(人)人.吞吞* VO,,屎降y↘,1,-38,-37,566,True
2008/12/12,-3.51,-3.51,14.74,y戊↘忠-38.B2暂,4暂.__Fe震正根._主,(人)人.吞吞* VO,,屎降y↘,2,-39,-38,567,True
2008/12/19,9.82,9.82,10.91,r己↗忐-39.B3暂,4暂.__Fe震正根.储,升.尾吞vO,,屎降r↗.4暂.__Fe震正根.储.魅6v,3,1,-39,568,True
2008/12/26,-7.95,-7.95,1.66,r己↗忐-40.A4,0橅.__Fe震正根.储,升.尾反孕vOv,,屎降r↗.0橅.__Fe震正根.储.魅6v,4,2,-40,569,True
2008/12/31,-0.36,-0.36,2.88,y戊↘忠-41.A5,2栅.__Fe震正根._再B,跌.尾连vW.W2,,屎降y↘,5,-1,-41,570,True
2009/1/9,14.44,14.44,16.97,a甲↗上1.A6,2栅.__Ff震负.储,(跌)人.连后吞WO,,屎降a↗.2栅.__Ff震负.储.魅6w,6,1,-42,571,True
2009/1/16,10.09,10.09,10.73,a甲↗上2.A7,2栅.Bc龙管栅.储,升.尾连OQ.Q2,,唏待a↗.2栅.Bc龙管栅.储,7,2,1,572,True
2009/1/23,-9.17,-9.17,6.02,a甲↗上3.A8,2栅.Bc龙管栅.储,升.尾反孕Qv,,唏待a↗.2栅.Bc龙管栅.储,8,3,2,573,True
2009/2/6,12.3,12.3,13.25,a甲↗上4.A9,0橅.Aa龙猪.初,升.尾吞vO,,唏待a↗.0橅.Aa龙猪.初,9,4,3,574,True
2009/2/13,7.87,7.87,9.27,a甲↗上5.A10,0橅.Aa龙猪.初,升.尾连OQ.Q2,,唏待a↗.0橅.Aa龙猪.初,10,5,4,575,True
2009/2/20,2.6,2.6,3.65,a甲↗上6.A11,0橅.Aa龙猪.初,升.尾连QQ.Q3,连3,唏待a↗.0橅.Aa龙猪.初,11,6,5,576,True
2009/2/27,-19.54,-19.54,2.79,b乙→中7.Y,5蛀.Be龙管根.初,(升)人.连后吞QV,,唏待b→.5蛀.Be龙管根.初,-1,7,6,577,True
2009/3/6,6.31,6.31,8.52,b乙→中8.Z-2,5蛀.Be龙管根.初,(升)人.连后吞QVo,,唏待b→.5蛀.Be龙管根.初,-2,8,7,578,True
2009/3/13,1.19,1.19,14.24,b乙→中9.Z-3,5蛀.Be龙管根.初,升.尾连oQ.Q2,,唏待b→.5蛀.Be龙管根.初,-3,9,8,579,True
2009/3/20,3.52,3.52,6.16,b乙↗上10.I暂,4暂.Fd震正芽.初,升.尾连QQ.Q3,连3,唏待b↗.4暂.Fd震正芽.初,1,10,9,580,True
2009/3/27,10.48,10.48,11.61,b乙↗上11.B2暂,4暂.Fd震正芽.初,升.尾连QQ.Q4,连4,唏待b↗.4暂.Fd震正芽.初,2,11,10,581,True
2009/4/3,-6.41,-6.41,-0.77,b乙↗上12.B3暂,4暂.Fd震正芽.初,升.尾反孕Qv,,唏待b↗.4暂.Fd震正芽.初,3,12,11,582,True
2009/4/10,0.55,0.55,2.19,b乙↗上13.A4,0橅.Fd震正芽.初,(升)人.孕孕vo,,唏待b↗.0橅.Fd震正芽.初,4,13,12,583,True
2009/4/17,7.63,7.63,10.08,b乙↗上14.A5,0橅.Fd震正芽.主,升.尾连oQ.Q2,,银升b↗.0橅.Fd震正芽.主,5,14,13,584,True
2009/4/24,-6.33,-6.33,5.32,b乙↗上15.A6,0橅.Aa龙猪.主,升.尾反孕Qv,,唏待b↗.0橅.Aa龙猪.主,6,15,14,585,True
2009/4/30,2.7,2.7,3.51,b乙↗上16.A7,0橅.Aa龙猪.主,(升)人.孕孕vo,,唏待b↗.0橅.Aa龙猪.主,7,16,15,586,True
2009/5/8,8.68,8.68,13.16,b乙↗上17.A8,0橅.Aa龙猪.主,升.尾连oQ.Q2,,银升b↗.0橅.Aa龙猪.主,8,17,16,587,True
2009/5/15,3.15,3.15,5.33,b乙↗上18.A9,0橅.Aa龙猪.主,升.尾连QQ.Q3,连3,银升b↗.0橅.Aa龙猪.主,9,18,17,588,True
2009/5/22,6.34,6.34,7.51,b乙↗上19.A10,0橅.Aa龙猪.主,升.尾连QQ.Q4,连4,银升b↗.0橅.Aa龙猪.主,10,19,18,589,True
2009/5/27,5.52,5.52,8.39,b乙↗上20.A11,0橅.Aa龙猪.主,升.尾连QQ.Q5,连5,银升b↗.0橅.Aa龙猪.主,11,20,19,590,True
2009/6/5,10.46,10.46,12.76,b乙↗上21.A12,0橅.Aa龙猪.主,升.尾连QQ.Q6,连6,银升b↗.0橅.Aa龙猪.主,12,21,20,591,True
2009/6/12,-6.82,-6.82,2.27,b乙↗上22.A13,0橅.Aa龙猪.主,升.尾反孕Qv,,银升b↗.0橅.Aa龙猪.主,13,22,21,592,True
2009/6/19,8.33,8.33,9.76,b乙↗上23.A14,0橅.Aa龙猪.主,升.尾吞vO,,金升b↗.0橅.Aa龙猪.主,14,23,22,593,True
2009/6/26,-1.13,-1.13,1.5,b乙↗上24.A15,0橅.Aa龙猪.主,升.尾反孕vOv,,金升b↗.0橅.Aa龙猪.主,15,24,23,594,True
2009/7/3,10.63,10.63,13.09,b乙↗上25.A16,0橅.Aa龙猪.主,升.尾吞vO,,金升b↗.0橅.Aa龙猪.主,16,25,24,595,True
2009/7/10,3.26,3.26,10.98,b乙↗上26.A17,0橅.Aa龙猪.主,升.尾连OQ.Q2,,金升b↗.0橅.Aa龙猪.主,17,26,25,596,True
2009/7/17,-1,-1,1.5,b乙↗上27.A18,0橅.Aa龙猪.主,升.尾反孕Qv,,金升b↗.0橅.Aa龙猪.主,18,27,26,597,True
2009/7/24,-0.17,-0.17,5.7,b乙↗上28.A19,2栅.Bc龙管栅.主,跌.尾连vW.W2,,金升b↗.2栅.Bc龙管栅.主,19,28,27,598,True
2009/7/31,-7.56,-7.56,0.67,b乙→中29.Y,5蛀.Fe震正根.主,跌.尾连WW.W3,,金升b→.5蛀.Fe震正根.主,-1,29,28,599,True
2009/8/7,-4.18,-4.18,3.45,b乙→中30.Z-2,5蛀.Fe震正根.主,跌.尾连WW.W4,,金升b→.5蛀.Fe震正根.主,-2,30,29,600,True
2009/8/14,-11.01,-11.01,1.52,c丙↘下31.Z-3,5蛀.Fe震正根.破,跌.尾连WW.W5,,金升c↘.被3v,-3,-1,30,601,True
2009/8/21,-1.92,-1.92,-0.43,c丙↘下32.Z-4,9妩.__Df头负._破,跌.尾连WW.W6,,嘘待c↘.逃4v,-4,-2,-1,602,True
2009/8/28,-0.22,-0.22,8.48,z丁↘忑-1.Z-5,9妩.__Aa龙猪._破,跌.尾连WW.W7,,嘘待z↘,-5,-3,-2,603,True
2009/9/4,1.31,1.31,1.96,z丁↘忑-2.Z-6,8姖.__Aa龙猪._破,(跌)人.连后吞WO,,嘘待z↘,-6,-4,-3,604,True
2009/9/11,4.73,4.73,4.73,z丁↘忑-3.Z-7,7姗.Ff震负.破,升.尾连OQ.Q2,,金升z↘.警3w,-7,-5,1,605,True
2009/9/18,5.54,5.54,10.47,r己↗忐-4.I,4蛀.Df头负.再C,升.尾连QQ.Q3,连3,金升r↗.4蛀.Df头负.再C.口2I,1,1,2,606,True
2009/9/25,-3.31,-3.31,4.28,r己↗忐-5.B2,4蛀.Df头负.再C,升.尾反孕Qv,,金升r↗.4蛀.Df头负.再C.口2I,2,2,3,607,True
2009/9/30,-1.61,-1.61,1.81,y戊↘忑-6.Y暂,5暂.Ff震负.破,跌.尾连vW.W2,,金升y↘.警3w,-1,-1,4,608,True
2009/10/9,5.32,5.32,6.54,r己↗忐-7.I暂,4暂.Df头负.再C,(跌)人.连后吞WO,,金升r↗.4暂.Df头负.再C.口2I,1,1,5,609,True
2009/10/16,1.75,1.75,5.83,a甲↗上1.B2暂,4暂.Aa龙猪.再C,升.尾连OQ.Q2,,金升a↗.4暂.Aa龙猪.再C,2,2,6,610,True
2009/10/23,1.15,1.15,5.34,a甲↗上2.B3暂,4暂.Aa龙猪.再C,升.尾连QQ.Q3,连3,金升a↗.4暂.Aa龙猪.再C,3,3,7,611,True
2009/10/30,3.77,3.77,10.94,a甲↗上3.A4,0橅.Aa龙猪.再C,升.尾连QQ.Q4,连4,金升a↗.0橅.Aa龙猪.再C,4,4,8,612,True
2009/11/6,7.45,7.45,7.82,a甲↗上4.A5,0橅.Aa龙猪.再C,升.尾连QQ.Q5,连5,金升a↗.0橅.Aa龙猪.再C,5,5,9,613,True
2009/11/13,-2.2,-2.2,1.18,a甲↗上5.A6,0橅.Aa龙猪.主,升.尾反孕Qv,,金升a↗.0橅.Aa龙猪.主,6,6,10,614,True
2009/11/20,6.4,6.4,7.61,a甲↗上6.A7,0橅.Aa龙猪.主,升.尾吞vO,,金升a↗.0橅.Aa龙猪.主,7,7,11,615,True
2009/11/27,1.79,1.79,22.6,a甲↗上7.A8,0橅.Aa龙猪.主,升.尾连OQ.Q2,宽高,金升a↗.0橅.Aa龙猪.主,8,8,12,616,True
2009/12/4,15.97,15.97,17.25,a甲↗上8.A9,0橅.Aa龙猪.主,升.尾连QQ.Q3,宽高连3,金升a↗.0橅.Aa龙猪.主,9,9,13,617,True
2009/12/11,-0.96,-0.96,4.96,a甲↗上9.A10,0橅.Aa龙猪.主,升.尾反孕Qv,,金升a↗.0橅.Aa龙猪.主,10,10,14,618,True
2009/12/18,-5.84,-5.84,6.68,a甲↗上10.A11,2栅.Bc龙管栅.主,跌.尾连vW.W2,,金升a↗.2栅.Bc龙管栅.主,11,11,15,619,True
2009/12/25,0.3,0.3,2.81,a甲↗上11.A12,2栅.Bc龙管栅.主,跌.尾反孕Wo,,金升a↗.2栅.Bc龙管栅.主,12,12,16,620,True
2009/12/31,3.83,3.83,8.39,a甲↗上12.A13,2栅.Bc龙管栅.主,升.尾连oQ.Q2,,金升a↗.2栅.Bc龙管栅.主,13,13,17,621,True
2010/1/8,8.51,8.51,9.65,a甲↗上13.A14,2栅.Bc龙管栅.主,升.尾连QQ.Q3,连3,金升a↗.2栅.Bc龙管栅.主,14,14,18,622,True
2010/1/15,15.16,15.16,22.75,a甲↗上14.A15,0橅.Aa龙猪.主,升.尾连QQ.Q4,宽高连4,金升a↗.0橅.Aa龙猪.主,15,15,19,623,True
2010/1/22,-0.11,-0.11,2.95,a甲↗上15.A16,0橅.Aa龙猪.主,升.尾反孕Qv,,金升a↗.0橅.Aa龙猪.主,16,16,20,624,True
2010/1/29,-6.7,-6.7,3.3,a甲↗上16.A17,2栅.Bc龙管栅.主,跌.尾连vW.W2,,金升a↗.2栅.Bc龙管栅.主,17,17,21,625,True
2010/2/5,2.19,2.19,7.06,a甲↗上17.A18,2栅.Fa震正〇.主,跌.尾反孕Wo,,金升a↗.2栅.Fa震正〇.主,18,18,22,626,True
2010/2/12,0,0,3.69,a甲↗上18.A19,2栅.Fa震正〇.主,升.尾连oQ.Q2,,金升a↗.2栅.Fa震正〇.主,19,19,23,627,True
2010/2/26,3.22,3.22,4.05,a甲↗上19.A20,2栅.Fa震正〇.主,升.尾连QQ.Q3,连3,金升a↗.2栅.Fa震正〇.主,20,20,24,628,True
2010/3/5,-4.62,-4.62,3.23,a甲↗上20.A21,1柜.Fa震正〇.主,(升)人.连后吞QV,,金升a↗.1柜.Fa震正〇.主,21,21,25,629,True
2010/3/12,9.93,9.93,11.86,a甲↗上21.A22,1柜.Fa震正〇.主,(人)人.吞吞* VO,,金升a↗.1柜.Fa震正〇.主,22,22,26,630,True
2010/3/19,1.87,1.87,6.06,a甲↗上22.A23,1柜.Aa龙猪.主,升.尾连OQ.Q2,,金升a↗.1柜.Aa龙猪.主,23,23,27,631,True
2010/3/26,8.22,8.22,13.3,a甲↗上23.A24,1柜.Aa龙猪.主,升.尾连QQ.Q3,连3,金升a↗.1柜.Aa龙猪.主,24,24,28,632,True
2010/4/2,6.49,6.49,10.79,a甲↗上24.A25,0橅.Aa龙猪.主,升.尾连QQ.Q4,连4,金升a↗.0橅.Aa龙猪.主,25,25,29,633,True
2010/4/9,2.35,2.35,3.38,a甲↗上25.A26,0橅.Aa龙猪.主,升.尾连QQ.Q5,连5,金升a↗.0橅.Aa龙猪.主,26,26,30,634,True
2010/4/16,-0.37,-0.37,3.21,a甲↗上26.A27,0橅.Aa龙猪.主,升.尾反孕Qv,,金升a↗.0橅.Aa龙猪.主,27,27,31,635,True
2010/4/23,1.38,1.38,3.4,a甲↗上27.A28,0橅.Aa龙猪.主,升.尾吞vO,,金升a↗.0橅.Aa龙猪.主,28,28,32,636,True
2010/4/30,-11.89,-11.89,2.27,b乙→中28.Y,5蛀.Be龙管根.主,(升)人.吞吞vOV,,金升b→.5蛀.Be龙管根.主,-1,29,33,637,True
2010/5/7,-4.22,-4.22,4.94,c丙↘下29.Z-2,5蛀.Fe震正根.破,跌.尾连VW.W2,,金升c↘.被3v,-2,-1,34,638,True
2010/5/14,-6.13,-6.13,2.37,c丙↘下30.Z-3,5蛀.Fe震正根.破,跌.尾连WW.W3,,金升c↘.被3v,-3,-2,35,639,True
2010/5/21,-10.54,-10.54,-0.57,z丁↘忑-1.Z-4,9妩.__Aa龙猪._破,跌.尾连WW.W4,,嘘待z↘,-4,-3,-1,640,True
2010/5/28,13.44,13.44,17.93,z丁↘忑-2.Z-5,8姖.Ff震负.破,(跌)人.连后吞WO,宽高,金升z↘.警3w,-5,-4,1,641,True
2010/6/4,-0.45,-0.45,2.6,z丁↘忑-3.Z-6,8姖.Ff震负.破,(跌)人.连后吞WOv,,金升z↘.警3w,-6,-5,2,642,True
2010/6/11,2.38,2.38,5.78,y戊↘忠-4.I,4蛀.Ff震负.再C,升.尾吞vO,,金升y↘.警3h,1,-6,3,643,True
2010/6/18,-7.75,-7.75,3.1,y戊↘忑-5.Y暂,5暂.__Fa震正〇._破,(升)人.吞吞vOV,,嘘待y↘,-1,-7,-1,644,True
2010/6/25,-0.36,-0.36,7.32,y戊↘忑-6.Z-2暂,5暂.__Fa震正〇._破,跌.尾连VW.W2,,嘘待y↘,-2,-8,-2,645,True
2010/7/2,-18.43,-18.43,1.33,y戊↘忑-7.Z-3暂,5暂.__Aa龙猪._初,跌.尾连WW.W3,,嘘待y↘,-3,-9,-3,646,True
2010/7/9,7.53,7.53,9.45,y戊↘忑-8.Z-4,9妩.__Aa龙猪._初,跌.尾反孕Wo,,嘘待y↘,-4,-10,-4,647,True
2010/7/16,0.55,0.55,4.67,y戊↘忑-9.Z-5,7姗.__Bd龙管杂._初,升.尾连oQ.Q2,,嘘待y↘,-5,-11,-5,648,True
2010/7/23,5.46,5.46,7.51,y戊↘忑-10.Z-6,6娝.__Fa震正〇._初,升.尾连QQ.Q3,,嘘待y↘,-6,-12,-6,649,True
2010/7/30,13.99,13.99,19.69,r己↗忐-11.I,4蛀.Df头负.储,升.尾连QQ.Q4,高连4,金升r↗.4蛀.Df头负.储.口1v,1,1,1,650,True
2010/8/6,3.86,3.86,4.43,r己↗忐-12.B2,4蛀.Df头负.再D,升.尾连QQ.Q5,连5,金升r↗.4蛀.Df头负.再D.口2i,2,2,2,651,True
2010/8/13,0.77,0.77,1.53,a甲↗上1.B3,4蛀.Dd头正芽.初,升.尾连QQ.Q6,连6,金升a↗.4蛀.Dd头正芽.初,3,3,3,652,True
2010/8/20,3.26,3.26,8.14,a甲↗上2.A4,0橅.Aa龙猪.初,升.尾连QQ.Q7,连7,金升a↗.0橅.Aa龙猪.初,4,4,4,653,True
2010/8/27,8.52,8.52,8.52,a甲↗上3.A5,0橅.Aa龙猪.初,升.尾连QQ.Q8,连8,金升a↗.0橅.Aa龙猪.初,5,5,5,654,True
2010/9/3,26.74,26.74,39.05,a甲↗上4.A6,0橅.Aa龙猪.再D,升.尾连QQ.Q9,宽高连9,金升a↗.0橅.Aa龙猪.再D,6,6,6,655,True
2010/9/10,-3.44,-3.44,1.91,a甲↗上5.A7,0橅.Aa龙猪.主,升.尾反孕Qv,宽,金升a↗.0橅.Aa龙猪.主,7,7,7,656,True
2010/9/17,9.5,9.5,21.38,a甲↗上6.A8,0橅.Aa龙猪.主,升.尾吞vO,宽高,金升a↗.0橅.Aa龙猪.主,8,8,8,657,True
2010/9/21,-6.07,-6.07,0.87,a甲↗上7.A9,0橅.Aa龙猪.主,升.尾反孕vOv,宽,金升a↗.0橅.Aa龙猪.主,9,9,9,658,True
2010/9/30,5.31,5.31,9.08,a甲↗上8.A10,0橅.Aa龙猪.主,(升)人.孕孕vo,宽,金升a↗.0橅.Aa龙猪.主,10,10,10,659,True
2010/10/8,1.39,1.39,2.85,a甲↗上9.A11,0橅.Fa震正〇.主,升.尾连oQ.Q2,,金升a↗.0橅.Fa震正〇.主,11,11,11,660,True
2010/10/15,-8.65,-8.65,7.79,a甲↗上10.A12,1柜.Fa震正〇.主,(升)人.连后吞QV,,金升a↗.1柜.Fa震正〇.主,12,12,12,661,True
2010/10/22,5.92,5.92,7.02,a甲↗上11.A13,1柜.Fa震正〇.主,(升)人.连后吞QVo,,金升a↗.1柜.Fa震正〇.主,13,13,13,662,True
2010/10/29,-0.6,-0.6,3.06,a甲↗上12.A14,1柜.Fa震正〇.主,(人)人.孕孕vo,,金升a↗.1柜.Fa震正〇.主,14,14,14,663,True
2010/11/5,4.35,4.35,9.22,a甲↗上13.A15,1柜.Fa震正〇.主,升.尾吞vO,,金升a↗.1柜.Fa震正〇.主,15,15,15,664,True
2010/11/12,-12.5,-12.5,2.44,b乙→中14.Y,5蛀.Fe震正根.主,(升)人.吞吞vOV,,金升b→.5蛀.Fe震正根.主,-1,16,16,665,True
2010/11/19,-4.6,-4.6,4.11,c丙↘下15.Z-2,5蛀.Fe震正根.破,跌.尾连VW.W2,,金升c↘.被3v,-2,-1,17,666,True
2010/11/26,1.89,1.89,4.82,c丙↘下16.Z-3,5蛀.Fe震正根.破,跌.尾反孕Wo,,金升c↘.被3v,-3,-2,18,667,True
2010/12/3,-3.89,-3.89,0.76,z丁↘忑-1.Z-4,9妩.Ff震负.破,跌.尾吞oV,,金升z↘.警3w,-4,-3,19,668,True
2010/12/10,-2.55,-2.55,1.05,z丁↘忑-2.Z-5,9妩.__Aa龙猪._破,跌.尾连VW.W2,,嘘待z↘,-5,-4,-1,669,True
2010/12/17,3.88,3.88,6.76,z丁↘忑-3.Z-6,8姖.Ff震负.破,(跌)人.连后吞WO,,金升z↘.警3w,-6,-5,1,670,True
2010/12/23,0.09,0.09,4.34,z丁↘忑-4.Z-7,7姗.Ff震负.破,升.尾连OQ.Q2,,金升z↘.警3w,-7,-6,2,671,True
2010/12/31,-9.11,-9.11,-0.09,z丁↘忑-5.Z-8,7姗.__Bd龙管杂._破,(升)人.连后吞QV,,嘘待z↘,-8,-7,-1,672,True
2011/1/7,1.81,1.81,3.91,z丁↘忑-6.Z-9,7姗.__Bd龙管杂._初,(升)人.连后吞QVo,,嘘待z↘,-9,-8,-2,673,True
2011/1/14,-4.03,-4.03,1.12,z丁↘忑-7.Z-10,7姗.__Bd龙管杂._初,跌.尾吞oV,,嘘待z↘,-10,-9,-3,674,True
2011/1/21,-5.57,-5.57,0.2,z丁↘忑-8.Z-11,9妩.__Aa龙猪._初,跌.尾连VW.W2,,嘘待z↘,-11,-10,-4,675,True
2011/1/28,2.38,2.38,3.72,z丁↘忑-9.Z-12,9妩.__Aa龙猪._初,跌.尾反孕Wo,,嘘待z↘,-12,-11,-5,676,True
2011/2/1,2.02,2.02,3.13,z丁↘忑-10.Z-13,7姗.__Bd龙管杂._初,升.尾连oQ.Q2,,嘘待z↘,-13,-12,-6,677,True
2011/2/11,10,10,10.69,y戊↘忠-11.I,4蛀.__Be龙管根._初,升.尾连QQ.Q3,,嘘待y↘,1,-13,-7,678,True
2011/2/18,2.7,2.7,8.28,r己↗忐-12.B2,4蛀.Df头负.储,升.尾连QQ.Q4,连4,金升r↗.4蛀.Df头负.储.口1v,2,1,1,679,True
2011/2/25,0.26,0.26,2.98,r己↗忐-13.B3,4蛀.Df头负.储,升.尾连QQ.Q5,连5,金升r↗.4蛀.Df头负.储.口1v,3,2,2,680,True
2011/3/4,-0.79,-0.79,4.2,a甲↗上1.A4,0橅.Aa龙猪.初,升.尾反孕Qv,,金升a↗.0橅.Aa龙猪.初,4,3,3,681,True
2011/3/11,-1.85,-1.85,3.88,a甲↗上2.A5,2栅.Fa震正〇.初,跌.尾连vW.W2,,金升a↗.2栅.Fa震正〇.初,5,4,4,682,True
2011/3/18,11.4,11.4,15.35,a甲↗上3.A6,2栅.Bc龙管栅.初,(跌)人.连后吞WO,高,金升a↗.2栅.Bc龙管栅.初,6,5,5,683,True
2011/3/25,0.48,0.48,1.45,a甲↗上4.A7,2栅.Bc龙管栅.初,升.尾连OQ.Q2,,金升a↗.2栅.Bc龙管栅.初,7,6,6,684,True
2011/4/1,-10.43,-10.43,-0.96,b乙→中5.Y,5蛀.Be龙管根.主,(升)人.连后吞QV,,金升b→.5蛀.Be龙管根.主,-1,7,7,685,True
2011/4/8,-2.33,-2.33,-0.09,c丙↘下6.Z-2,5蛀.__Df头负._破,跌.尾连VW.W2,,嘘待c↘.逃4v,-2,-1,-1,686,True
2011/4/15,-2.11,-2.11,0.55,z丁↘忑-1.Z-3,5蛀.__Fa震正〇._破,跌.尾连WW.W3,,嘘待z↘,-3,-2,-2,687,True
2011/4/22,0.28,0.28,3.09,z丁↘忑-2.Z-4,9妩.__Aa龙猪._初,跌.尾反孕Wo,,嘘待z↘,-4,-3,-3,688,True
2011/4/29,2.71,2.71,8.03,z丁↘忑-3.Z-5,7姗.__Bd龙管杂._初,升.尾连oQ.Q2,,嘘待z↘,-5,-4,-4,689,True
2011/5/6,-9.73,-9.73,0,z丁↘忑-4.Z-6,7姗.__Bd龙管杂._初,(升)人.连后吞QV,,尿降z↘,-6,-5,-5,690,True
2011/5/13,0.4,0.4,0.81,z丁↘忑-5.Z-7,7姗.__Bd龙管杂._初,(升)人.连后吞QVo,,尿降z↘,-7,-6,-6,691,True
2011/5/19,-0.7,-0.7,3.01,z丁↘忑-6.Z-8,7姗.__Bd龙管杂._初,跌.尾吞oV,,尿降z↘,-8,-7,-7,692,True
2011/5/27,-12.73,-12.73,0.61,z丁↘忑-7.Z-9,9妩.__Aa龙猪._初,跌.尾连VW.W2,,尿降z↘,-9,-8,-8,693,True
2011/6/3,1.5,1.5,4.4,z丁↘忑-8.Z-10,9妩.__Aa龙猪._主,跌.尾反孕Wo,,尿降z↘,-10,-9,-9,694,True
2011/6/10,-1.25,-1.25,1.94,z丁↘忑-9.Z-11,9妩.__Aa龙猪._主,(跌)人.孕孕ov,,尿降z↘,-11,-10,-10,695,True
2011/6/17,-0.81,-0.81,10.51,z丁↘忑-10.Z-12,9妩.__Aa龙猪._主,跌.尾连vW.W2,,尿降z↘,-12,-11,-11,696,True
2011/6/24,-1.63,-1.63,0.12,z丁↘忑-11.Z-13,9妩.__Aa龙猪._主,跌.尾连WW.W3,,尿降z↘,-13,-12,-12,697,True
2011/7/1,1.18,1.18,2.25,z丁↘忑-12.Z-14,9妩.__Aa龙猪._主,跌.尾反孕Wo,,尿降z↘,-14,-13,-13,698,True
2011/7/8,5.61,5.61,7.37,y戊↘忠-13.I,4蛀.__Be龙管根._主,升.尾连oQ.Q2,,尿降y↘,1,-14,-14,699,True
2011/7/15,4.54,4.54,6.64,y戊↘忠-14.B2,4蛀.__Fe震正根._主,升.尾连QQ.Q3,,尿降y↘,2,-15,-15,700,True
2011/7/22,-1.06,-1.06,1.17,y戊↘忠-15.B3,4蛀.__Fe震正根._主,升.尾反孕Qv,,屎降y↘,3,-16,-16,701,True
2011/7/29,-3.53,-3.53,2.68,y戊↘忠-16.A4,2栅.__Fe震正根._主,跌.尾连vW.W2,,屎降y↘,4,-17,-17,702,True
2011/8/5,-5.88,-5.88,0.89,y戊↘忑-17.Y,5蛀.__Fa震正〇._主,跌.尾连WW.W3,,屎降y↘,-1,-18,-18,703,True
2011/8/12,-5.42,-5.42,-1.18,y戊↘忑-18.Z-2,5蛀.__Aa龙猪._主,跌.尾连WW.W4,,屎降y↘,-2,-19,-19,704,True
2011/8/19,-5.49,-5.49,2.62,y戊↘忑-19.Z-3,5蛀.__Aa龙猪._主,跌.尾连WW.W5,,屎降y↘,-3,-20,-20,705,True
2011/8/26,6.86,6.86,10.42,y戊↘忑-20.Z-4,8姖.__Aa龙猪._主,(跌)人.连后吞WO,,屎降y↘,-4,-21,-21,706,True
2011/9/2,3.7,3.7,12.35,y戊↘忑-21.Z-5,7姗.__Fa震正〇._主,升.尾连OQ.Q2,,屎降y↘,-5,-22,-22,707,True
2011/9/9,3.1,3.1,9.17,y戊↘忠-22.I,4蛀.__Fe震正根._主,升.尾连QQ.Q3,,屎降y↘,1,-23,-23,708,True
2011/9/16,2.19,2.19,4.16,r己↗忐-23.B2,4蛀.__Fe震正根.储,升.尾连QQ.Q4,,屎降r↗.4蛀.__Fe震正根.储.魅6v,2,1,-24,709,True
2011/9/23,-7.57,-7.57,1.47,y戊↘忑-24.Y暂,5暂.__Fa震正〇._再B,(升)人.连后吞QV,,屎降y↘,-1,-1,-25,710,True
2011/9/30,-7.58,-7.58,1.71,y戊↘忑-25.Z-2暂,5暂.__Fa震正〇._再B,跌.尾连VW.W2,,屎降y↘,-2,-2,-26,711,True
2011/10/14,2.12,2.12,4.89,y戊↘忑-26.Z-3暂,5暂.__Fa震正〇._再B,跌.尾反孕Wo,,屎降y↘,-3,-3,-27,712,True
2011/10/21,0.52,0.52,12.31,y戊↘忑-27.Z-4,7姗.__Fa震正〇._再B,升.尾连oQ.Q2,,屎降y↘,-4,-4,-28,713,True
2011/10/28,4.64,4.64,6.06,y戊↘忠-28.I,4蛀.__Fe震正根._再B,升.尾连QQ.Q3,,屎降y↘,1,-5,-29,714,True
2011/11/4,3.82,3.82,4.68,r己↗忐-29.B2,4蛀.__Fe震正根.储,升.尾连QQ.Q4,,屎降r↗.4蛀.__Fe震正根.储.魅6v,2,1,-30,715,True
2011/11/11,-2.14,-2.14,1.19,r己↗忐-30.B3,4蛀.__Fe震正根.储,升.尾反孕Qv,,屎降r↗.4蛀.__Fe震正根.储.魅6v,3,2,-31,716,True
2011/11/18,-5.09,-5.09,4.85,y戊↘忑-31.Y暂,5暂.__Fa震正〇._再B,跌.尾连vW.W2,,屎降y↘,-1,-1,-32,717,True
2011/11/25,2.55,2.55,5.36,y戊↘忑-32.Z-2暂,5暂.__Fa震正〇._再B,跌.尾反孕Wo,,屎降y↘,-2,-2,-33,718,True
2011/12/2,-3.11,-3.11,0.62,y戊↘忑-33.Z-3暂,5暂.__Fa震正〇._再B,跌.尾吞oV,,屎降y↘,-3,-3,-34,719,True
2011/12/9,-7.58,-7.58,5.53,y戊↘忑-34.Z-4,9妩.__Aa龙猪._再B,跌.尾连VW.W2,,屎降y↘,-4,-4,-35,720,True
2011/12/16,-17.66,-17.66,0.14,y戊↘忑-35.Z-5,9妩.__Aa龙猪._主,跌.尾连WW.W3,,屎降y↘,-5,-5,-36,721,True
2011/12/23,-6.25,-6.25,2.03,y戊↘忑-36.Z-6,9妩.__Aa龙猪._主,跌.尾连WW.W4,,屎降y↘,-6,-6,-37,722,True
2011/12/30,-0.36,-0.36,1.98,y戊↘忑-37.Z-7,9妩.__Aa龙猪._主,跌.尾连WW.W5,,屎降y↘,-7,-7,-38,723,True
2012/1/6,-7.41,-7.41,1.45,y戊↘忑-38.Z-8,9妩.__Aa龙猪._主,跌.尾连WW.W6,,屎降y↘,-8,-8,-39,724,True
2012/1/13,6.84,6.84,13.67,y戊↘忑-39.Z-9,9妩.__Aa龙猪._主,跌.尾反孕Wo,,屎降y↘,-9,-9,-40,725,True
2012/1/20,3.29,3.29,3.84,y戊↘忑-40.Z-10,7姗.__Bd龙管杂._主,升.尾连oQ.Q2,,屎降y↘,-10,-10,-41,726,True
2012/2/3,2.3,2.3,2.65,y戊↘忑-41.Z-11,6娝.__Fa震正〇._主,升.尾连QQ.Q3,,屎降y↘,-11,-11,-42,727,True
2012/2/10,4.15,4.15,4.15,y戊↘忠-42.I,4蛀.__Fe震正根._主,升.尾连QQ.Q4,,屎降y↘,1,-12,-43,728,True
2012/2/17,13.79,13.79,14.12,r己↗忐-43.B2,4蛀.__Fe震正根.储,升.尾连QQ.Q5,,屎降r↗.4蛀.__Fe震正根.储.魅6v,2,1,-44,729,True
2012/2/24,-2.34,-2.34,0.58,r己↗忐-44.B3,4蛀.__Fe震正根.储,升.尾反孕Qv,,屎降r↗.4蛀.__Fe震正根.储.魅6v,3,2,-45,730,True
2012/3/2,0,0,5.83,r己↗忐-45.A4,0橅.__Fe震正根.储,(升)人.孕孕vo,,屎降r↗.0橅.__Fe震正根.储.魅6v,4,3,-46,731,True
2012/3/9,4.63,4.63,4.63,a甲↗上1.A5,0橅.__Ff震负.储,升.尾连oQ.Q2,,屎降a↗.0橅.__Ff震负.储.魅6w,5,4,-47,732,True
2012/3/16,-8.57,-8.57,0.29,a甲↗上2.A6,1柜.__Ff震负.储,(升)人.连后吞QV,,屎降a↗.1柜.__Ff震负.储.魅6w,6,5,-48,733,True
2012/3/23,4.69,4.69,9.69,a甲↗上3.A7,1柜.__Ff震负.储,(升)人.连后吞QVo,,屎降a↗.1柜.__Ff震负.储.魅6w,7,6,-49,734,True
2012/3/30,-14.03,-14.03,3.28,z丁↘忑-1.Y,5蛀.__Fa震正〇._再C,跌.尾吞oV,,屎降z↘,-1,-1,-50,735,True
2012/4/6,4.69,4.69,5.73,z丁↘忑-2.Z-2,5蛀.__Fa震正〇._再C,跌.尾反孕oVo,,屎降z↘,-2,-2,-51,736,True
2012/4/13,12.44,12.44,15.26,r己↗忐-3.I暂,4暂.__Fe震正根.储,升.尾连oQ.Q2,,屎降r↗.4暂.__Fe震正根.储.魅6v,1,1,-52,737,True
2012/4/19,3.1,3.1,9,a甲↗上1.B2暂,4暂.__Ff震负.储,升.尾连QQ.Q3,,屎降a↗.4暂.__Ff震负.储.魅6w,2,2,-53,738,True
2012/4/27,-2.43,-2.43,1.57,a甲↗上2.B3暂,4暂.__Ff震负.储,升.尾反孕Qv,,屎降a↗.4暂.__Ff震负.储.魅6w,3,3,-54,739,True
2012/5/4,6.6,6.6,7.92,a甲↗上3.A4,0橅.Aa龙猪.储,升.尾吞vO,,唏待a↗.0橅.Aa龙猪.储,4,4,1,740,True
2012/5/11,-4.4,-4.4,-0.14,a甲↗上4.A5,0橅.Fa震正〇.储,升.尾反孕vOv,,唏待a↗.0橅.Fa震正〇.储,5,5,2,741,True
2012/5/18,-5.04,-5.04,1.01,b乙→中5.Y,5蛀.__Ff震负._再C,跌.尾连vW.W2,,屎降b→.5蛀.__Ff震负._再C.魅6h,-1,6,-1,742,True
2012/5/25,-1.97,-1.97,3.79,c丙↘下6.Z-2,5蛀.__Df头负._再C,跌.尾连WW.W3,,屎降c↘.逃5I,-2,-1,-2,743,True
2012/6/1,4.95,4.95,5.87,b乙→中7.Z-3,5蛀.__Ff震负._再C,(跌)人.连后吞WO,,屎降b→.5蛀.__Ff震负._再C.魅6h,-3,1,-3,744,True
2012/6/8,-9.43,-9.43,-1.33,z丁↘忑-1.Z-4,8姖.__Fa震正〇._再C,(人)人.吞吞* OV,,屎降z↘,-4,-1,-4,745,True
2012/6/15,2.11,2.11,5.85,z丁↘忑-2.Z-5,8姖.__Fa震正〇._再C,(人)人.吞吞* OV,,屎降z↘,-5,-2,-5,746,True
2012/6/21,-2.39,-2.39,2.23,z丁↘忑-3.Z-6,8姖.__Aa龙猪._再C,(人)人.孕孕vo,,屎降z↘,-6,-3,-6,747,True
2012/6/29,-2.12,-2.12,0.65,z丁↘忑-4.Z-7,9妩.__Aa龙猪._再C,跌.尾连vW.W2,,屎降z↘,-7,-4,-7,748,True
2012/7/6,4.5,4.5,8.17,z丁↘忑-5.Z-8,8姖.__Aa龙猪._主,(跌)人.连后吞WO,,屎降z↘,-8,-5,-8,749,True
2012/7/13,-3.19,-3.19,1.44,z丁↘忑-6.Z-9,8姖.__Aa龙猪._主,(跌)人.连后吞WOv,,屎降z↘,-9,-6,-9,750,True
2012/7/20,-6.26,-6.26,-0.33,z丁↘忑-7.Z-10,8姖.__Aa龙猪._主,跌.尾连vW.W2,,屎降z↘,-10,-7,-10,751,True
2012/7/27,-4.92,-4.92,1.05,z丁↘忑-8.Z-11,8姖.__Aa龙猪._主,跌.尾连WW.W3,,屎降z↘,-11,-8,-11,752,True
2012/8/3,-1.29,-1.29,0.74,z丁↘忑-9.Z-12,9妩.__Aa龙猪._主,跌.尾连WW.W4,,屎降z↘,-12,-9,-12,753,True
2012/8/10,6.93,6.93,8.8,z丁↘忑-10.Z-13,8姖.__Aa龙猪._主,(跌)人.连后吞WO,,屎降z↘,-13,-10,-13,754,True
2012/8/17,-3.5,-3.5,0,z丁↘忑-11.Z-14,8姖.__Aa龙猪._主,(跌)人.连后吞WOv,,屎降z↘,-14,-11,-14,755,True
2012/8/24,-1.81,-1.81,4.9,z丁↘忑-12.Z-15,8姖.__Fa震正〇._主,跌.尾连vW.W2,,屎降z↘,-15,-12,-15,756,True
2012/8/31,-0.92,-0.92,0.74,z丁↘忑-13.Z-16,8姖.__Fa震正〇._主,跌.尾连WW.W3,,屎降z↘,-16,-13,-16,757,True
2012/9/7,5.78,5.78,7.28,y戊↘忠-14.I,4蛀.__Fe震正根._主,(跌)人.连后吞WO,,屎降y↘,1,-14,-17,758,True
2012/9/14,1.59,1.59,7.58,y戊↘忠-15.B2,4蛀.__Fe震正根._主,升.尾连OQ.Q2,,屎降y↘,2,-15,-18,759,True
2012/9/21,-1.91,-1.91,5.9,y戊↘忠-16.B3,4蛀.__Fe震正根._主,(升)人.连后吞QV,,屎降y↘,3,-16,-19,760,True
2012/9/28,5.84,5.84,6.55,r己↗忐-17.A4,1柜.__Fe震正根.储,(人)人.吞吞* VO,,屎降r↗.1柜.__Fe震正根.储.魅6v,4,1,-20,761,True
2012/10/12,-4.35,-4.35,9.2,r己↗忐-18.A5,1柜.__Fe震正根.储,(人)人.吞吞* VO,,屎降r↗.1柜.__Fe震正根.储.魅6v,5,2,-21,762,True
2012/10/19,-2.27,-2.27,1.92,y戊↘忑-19.Y,5蛀.__Fa震正〇._再B,跌.尾连vW.W2,,屎降y↘,-1,-1,-22,763,True
2012/10/26,-4.47,-4.47,2.5,y戊↘忑-20.Z-2,5蛀.__Fa震正〇._再B,跌.尾连WW.W3,,屎降y↘,-2,-2,-23,764,True
2012/11/2,1.12,1.12,1.87,y戊↘忑-21.Z-3,5蛀.__Aa龙猪._再B,跌.尾反孕Wo,,屎降y↘,-3,-3,-24,765,True
2012/11/9,-2.96,-2.96,0.56,y戊↘忑-22.Z-4,9妩.__Aa龙猪._再B,跌.尾吞oV,,屎降y↘,-4,-4,-25,766,True
2012/11/16,-6.68,-6.68,1.72,y戊↘忑-23.Z-5,9妩.__Aa龙猪._主,跌.尾连VW.W2,,屎降y↘,-5,-5,-26,767,True
2012/11/23,-0.2,-0.2,2.04,y戊↘忑-24.Z-6,9妩.__Aa龙猪._主,跌.尾连WW.W3,,屎降y↘,-6,-6,-27,768,True
2012/11/30,-9.84,-9.84,0.61,y戊↘忑-25.Z-7,9妩.__Aa龙猪._主,跌.尾连WW.W4,,屎降y↘,-7,-7,-28,769,True
2012/12/7,4.32,4.32,5,y戊↘忑-26.Z-8,9妩.__Aa龙猪._主,跌.尾反孕Wo,,屎降y↘,-8,-8,-29,770,True
2012/12/14,6.54,6.54,10.02,y戊↘忑-27.Z-9,7姗.__Bd龙管杂._主,升.尾连oQ.Q2,,屎降y↘,-9,-9,-30,771,True
2012/12/21,-0.41,-0.41,5.32,y戊↘忠-28.I,4蛀.__Be龙管根._主,升.尾反孕Qv,,屎降y↘,1,-10,-31,772,True
2012/12/28,6.98,6.98,8.42,r己↗忐-29.B2,4蛀.__Fe震正根.储,升.尾吞vO,,屎降r↗.4蛀.__Fe震正根.储.魅6v,2,1,-32,773,True
2013/1/4,12.09,12.09,13.24,r己↗忐-30.B3,4蛀.Df头负.储,升.尾连OQ.Q2,,唏待r↗.4蛀.Df头负.储.口1v,3,2,1,774,True
2013/1/11,-9.25,-9.25,0.34,a甲↗上1.A4,0橅.__Ff震负.储,升.尾反孕Qv,,屎降a↗.0橅.__Ff震负.储.魅6w,4,3,-1,775,True
2013/1/18,3.02,3.02,4.91,a甲↗上2.A5,0橅.__Ff震负.储,(升)人.孕孕vo,,屎降a↗.0橅.__Ff震负.储.魅6w,5,4,-2,776,True
2013/1/25,-3.11,-3.11,2.93,a甲↗上3.A6,1柜.__Ff震负.储,跌.尾吞oV,,屎降a↗.1柜.__Ff震负.储.魅6w,6,5,-3,777,True
2013/2/1,3.78,3.78,5.29,a甲↗上4.A7,1柜.Fa震正〇.储,(跌)人.吞吞oVO,,唏待a↗.1柜.Fa震正〇.储,7,6,1,778,True
2013/2/8,4.37,4.37,5.83,a甲↗上5.A8,1柜.Fa震正〇.储,升.尾连OQ.Q2,,唏待a↗.1柜.Fa震正〇.储,8,7,2,779,True
2013/2/22,-6.28,-6.28,2.27,a甲↗上6.A9,3桮.Fa震正〇.初,(升)人.连后吞QV,,唏待a↗.3桮.Fa震正〇.初,9,8,3,780,True
2013/3/1,2.61,2.61,3.17,a甲↗上7.A10,1柜.Fa震正〇.初,(升)人.连后吞QVo,,唏待a↗.1柜.Fa震正〇.初,10,9,4,781,True
2013/3/8,16.15,16.15,20.15,a甲↗上8.A11,1柜.Aa龙猪.初,升.尾连oQ.Q2,高,银升a↗.1柜.Aa龙猪.初,11,10,5,782,True
2013/3/15,-5.63,-5.63,2.81,a甲↗上9.A12,1柜.Aa龙猪.初,升.尾反孕Qv,,唏待a↗.1柜.Aa龙猪.初,12,11,6,783,True
2013/3/22,1.66,1.66,5.13,a甲↗上10.A13,0橅.Aa龙猪.初,(升)人.孕孕vo,,银升a↗.0橅.Aa龙猪.初,13,12,7,784,True
2013/3/29,-3.58,-3.58,1.3,a甲↗上11.A14,1柜.Fa震正〇.初,跌.尾吞oV,,唏待a↗.1柜.Fa震正〇.初,14,13,8,785,True
2013/4/3,-1.01,-1.01,1.01,b乙→中12.Y,5蛀.Fe震正根.初,跌.尾连VW.W2,,唏待b→.5蛀.Fe震正根.初,-1,14,9,786,True
2013/4/12,-1.88,-1.88,2.39,b乙→中13.Z-2,5蛀.Fe震正根.主,跌.尾连WW.W3,,唏待b→.5蛀.Fe震正根.主,-2,15,10,787,True
2013/4/19,3.65,3.65,4,b乙↗上14.I暂,4暂.Fd震正芽.主,(跌)人.连后吞WO,,唏待b↗.4暂.Fd震正芽.主,1,16,11,788,True
2013/4/26,-4.03,-4.03,7.89,b乙→中15.Y暂,5暂.Fe震正根.主,(跌)人.连后吞WOv,,唏待b→.5暂.Fe震正根.主,-1,17,12,789,True
2013/5/3,-1.75,-1.75,0.87,c丙↘下16.Z-2暂,5暂.__Df头负._破,跌.尾连vW.W2,,屎降c↘.逃4v,-2,-1,-1,790,True
2013/5/10,2.85,2.85,5.69,c丙↘下17.Z-3暂,5暂.Fe震正根.破,(跌)人.连后吞WO,,唏待c↘.被3v,-3,-2,1,791,True
2013/5/17,4.84,4.84,9.17,b乙↗上18.I暂,4暂.Dd头正芽.再B,升.尾连OQ.Q2,,唏待b↗.4暂.Dd头正芽.再B,1,1,2,792,True
2013/5/24,-0.33,-0.33,2.15,b乙↗上19.B2暂,4暂.Dd头正芽.再B,升.尾反孕Qv,,唏待b↗.4暂.Dd头正芽.再B,2,2,3,793,True
2013/5/31,1.66,1.66,3.31,b乙↗上20.B3暂,4暂.Dd头正芽.再B,升.尾吞vO,,银升b↗.4暂.Dd头正芽.再B,3,3,4,794,True
2013/6/7,-7.49,-7.49,0,c丙↘下21.Y暂,5暂.Fe震正根.破,(升)人.吞吞vOV,,唏待c↘.被3v,-1,-1,5,795,True
2013/6/14,-3.17,-3.17,0.18,z丁↘忑-1.Z-2暂,5暂.__Aa龙猪._破,跌.尾连VW.W2,,屎降z↘,-2,-2,-1,796,True
2013/6/21,-7.09,-7.09,2,z丁↘忑-2.Z-3暂,5暂.__Aa龙猪._初,跌.尾连WW.W3,,屎降z↘,-3,-3,-2,797,True
2013/6/28,-6.26,-6.26,0.59,z丁↘忑-3.Z-4,9妩.__Aa龙猪._初,跌.尾连WW.W4,,屎降z↘,-4,-4,-3,798,True
2013/7/5,4.8,4.8,5.64,z丁↘忑-4.Z-5,9妩.__Aa龙猪._初,跌.尾反孕Wo,,屎降z↘,-5,-5,-4,799,True
2013/7/12,3.78,3.78,6.97,z丁↘忑-5.Z-6,7姗.__Bd龙管杂._初,升.尾连oQ.Q2,,屎降z↘,-6,-6,-5,800,True
2013/7/19,-3.45,-3.45,2.69,z丁↘忑-6.Z-7,7姗.__Fa震正〇._初,升.尾反孕Qv,,屎降z↘,-7,-7,-6,801,True
2013/7/26,4.37,4.37,14.12,y戊↘忠-7.I,4蛀.__Fe震正根._主,升.尾吞vO,,屎降y↘,1,-8,-7,802,True
2013/8/2,1.9,1.9,3.62,y戊↘忠-8.B2,4蛀.__Fe震正根._主,升.尾连OQ.Q2,,屎降y↘,2,-9,-8,803,True
2013/8/9,3.74,3.74,6.54,r己↗忐-9.B3,4蛀.__Fe震正根.储,升.尾连QQ.Q3,,屎降r↗.4蛀.__Fe震正根.储.魅6v,3,1,-9,804,True
2013/8/16,0.18,0.18,4.5,r己↗忐-10.A4,0橅.Df头负.储,升.尾连QQ.Q4,连4,唏待r↗.0橅.Df头负.储.口1v,4,2,1,805,True
2013/8/23,-0.72,-0.72,2.34,a甲↗上1.A5,1柜.Aa龙猪.储,(升)人.连后吞QV,,唏待a↗.1柜.Aa龙猪.储,5,3,2,806,True
2013/8/30,7.07,7.07,11.05,a甲↗上2.A6,1柜.Aa龙猪.初,(人)人.吞吞* VO,,唏待a↗.1柜.Aa龙猪.初,6,4,3,807,True
2013/9/6,3.89,3.89,4.4,a甲↗上3.A7,1柜.Aa龙猪.初,升.尾连OQ.Q2,,银升a↗.1柜.Aa龙猪.初,7,5,4,808,True
2013/9/13,-0.98,-0.98,2.61,a甲↗上4.A8,1柜.Aa龙猪.初,升.尾反孕Qv,,银升a↗.1柜.Aa龙猪.初,8,6,5,809,True
2013/9/18,-3.29,-3.29,0.82,a甲↗上5.A9,2栅.Bc龙管栅.初,跌.尾连vW.W2,,银升a↗.2栅.Bc龙管栅.初,9,7,6,810,True
2013/9/27,27.38,27.38,27.38,a甲↗上6.A10,2栅.Bc龙管栅.初,(跌)人.连后吞WO,高,银升a↗.2栅.Bc龙管栅.初,10,8,7,811,True
2013/9/30,4.01,4.01,9.08,a甲↗上7.A11,2栅.Bc龙管栅.主,升.尾连OQ.Q2,宽,银升a↗.2栅.Bc龙管栅.主,11,9,8,812,True
2013/10/11,10.65,10.65,17.97,a甲↗上8.A12,2栅.Bc龙管栅.主,升.尾连QQ.Q3,宽高连3,金升a↗.2栅.Bc龙管栅.主,12,10,9,813,True
2013/10/18,-7.42,-7.42,1.28,a甲↗上9.A13,0橅.Aa龙猪.主,升.尾反孕Qv,宽,金升a↗.0橅.Aa龙猪.主,13,11,10,814,True
2013/10/25,6.39,6.39,8.77,a甲↗上10.A14,0橅.Aa龙猪.主,(升)人.孕孕vo,,金升a↗.0橅.Aa龙猪.主,14,12,11,815,True
2013/11/1,-17.08,-17.08,2.12,b乙→中11.Y,5蛀.Fe震正根.主,跌.尾吞oV,,金升b→.5蛀.Fe震正根.主,-1,13,12,816,True
2013/11/8,-4.26,-4.26,2.41,c丙↘下12.Z-2,5蛀.Fe震正根.破,跌.尾连VW.W2,宽,金升c↘.被3v,-2,-1,13,817,True
2013/11/15,1.34,1.34,3.12,c丙↘下13.Z-3,5蛀.Fe震正根.破,跌.尾反孕Wo,,金升c↘.被3v,-3,-2,14,818,True
2013/11/22,2.34,2.34,5.71,c丙↘下14.Z-4,7姗.Fe震正根.破,升.尾连oQ.Q2,宽,金升c↘.被3v,-4,-3,15,819,True
2013/11/29,5.15,5.15,6.87,b乙↗上15.I,4蛀.Dd头正芽.再B,升.尾连QQ.Q3,连3,金升b↗.4蛀.Dd头正芽.再B,1,1,16,820,True
2013/12/6,5.44,5.44,13.2,b乙↗上16.B2,4蛀.Dd头正芽.再B,升.尾连QQ.Q4,连4,金升b↗.4蛀.Dd头正芽.再B,2,2,17,821,True
2013/12/13,2.97,2.97,3.23,b乙↗上17.B3,4蛀.Dd头正芽.再B,升.尾连QQ.Q5,连5,金升b↗.4蛀.Dd头正芽.再B,3,3,18,822,True
2013/12/20,-4.01,-4.01,1.38,b乙↗上18.A4,0橅.Dd头正芽.再B,升.尾反孕Qv,,金升b↗.0橅.Dd头正芽.再B,4,4,19,823,True
2013/12/27,-1.44,-1.44,2.48,b乙↗上19.A5,2栅.Dd头正芽.主,跌.尾连vW.W2,,金升b↗.2栅.Dd头正芽.主,5,5,20,824,True
2014/1/3,-3.97,-3.97,1.06,b乙→中20.Y,5蛀.De头正根.主,跌.尾连WW.W3,,金升b→.5蛀.De头正根.主,-1,6,21,825,True
2014/1/10,-9.1,-9.1,0.55,c丙↘下21.Z-2,5蛀.__Df头负._破,跌.尾连WW.W4,,嘘待c↘.逃4v,-2,-1,-1,826,True
2014/1/17,4.25,4.25,10.77,z丁↘忑-1.Z-3,5蛀.__Fa震正〇._破,跌.尾反孕Wo,,嘘待z↘,-3,-2,-2,827,True
2014/1/24,3.49,3.49,4.8,z丁↘忑-2.Z-4,7姗.Ff震负.破,升.尾连oQ.Q2,,金升z↘.警3w,-4,-3,1,828,True
2014/1/30,-0.42,-0.42,0.56,z丁↘忑-3.Z-5,7姗.Ff震负.破,升.尾反孕Qv,,金升z↘.警3w,-5,-4,2,829,True
2014/2/7,1.55,1.55,1.84,y戊↘忠-4.I,4蛀.Ff震负.再C,升.尾吞vO,,金升y↘.警3h,1,-5,3,830,True
2014/2/14,10.43,10.43,12.1,a甲↗上1.B2,4蛀.Dd头正芽.再C,升.尾连OQ.Q2,,金升a↗.4蛀.Dd头正芽.再C,2,1,4,831,True
2014/2/21,-4.53,-4.53,2.02,a甲↗上2.B3,4蛀.Aa龙猪.再C,升.尾反孕Qv,,金升a↗.4蛀.Aa龙猪.再C,3,2,5,832,True
2014/2/28,0,0,2.37,a甲↗上3.A4,0橅.Aa龙猪.再C,(升)人.孕孕vo,,金升a↗.0橅.Aa龙猪.再C,4,3,6,833,True
2014/3/7,20.32,20.32,23.09,a甲↗上4.A5,0橅.Aa龙猪.再C,升.尾连oQ.Q2,高,金升a↗.0橅.Aa龙猪.再C,5,4,7,834,True
2014/3/14,6.36,6.36,8.99,a甲↗上5.A6,0橅.Aa龙猪.主,升.尾连QQ.Q3,连3,金升a↗.0橅.Aa龙猪.主,6,5,8,835,True
2014/3/21,-7.42,-7.42,3.2,a甲↗上6.A7,1柜.Aa龙猪.主,(升)人.连后吞QV,,金升a↗.1柜.Aa龙猪.主,7,6,9,836,True
2014/3/28,-9.35,-9.35,4.45,b乙→中7.Y,5蛀.Be龙管根.主,跌.尾连VW.W2,,金升b→.5蛀.Be龙管根.主,-1,7,10,837,True
2014/4/4,3.32,3.32,5.65,b乙→中8.Z-2,5蛀.Be龙管根.主,跌.尾反孕Wo,,金升b→.5蛀.Be龙管根.主,-2,8,11,838,True
2014/4/11,12.6,12.6,14.15,b乙↗上9.I暂,4暂.Fd震正芽.主,升.尾连oQ.Q2,,金升b↗.4暂.Fd震正芽.主,1,9,12,839,True
2014/4/18,-2.85,-2.85,2.96,b乙↗上10.B2暂,4暂.Fd震正芽.主,升.尾反孕Qv,,金升b↗.4暂.Fd震正芽.主,2,10,13,840,True
2014/4/25,-10.87,-10.87,-0.33,b乙→中11.Y暂,5暂.Fe震正根.主,跌.尾连vW.W2,,金升b→.5暂.Fe震正根.主,-1,11,14,841,True
2014/4/30,12.44,12.44,13.54,b乙↗上12.I暂,4暂.Fd震正芽.主,(跌)人.连后吞WO,,金升b↗.4暂.Fd震正芽.主,1,12,15,842,True
2014/5/9,6.4,6.4,10.95,b乙↗上13.B2暂,4暂.Aa龙猪.主,升.尾连OQ.Q2,,金升b↗.4暂.Aa龙猪.主,2,13,16,843,True
2014/5/16,7.95,7.95,11.01,b乙↗上14.B3暂,4暂.Aa龙猪.主,升.尾连QQ.Q3,连3,金升b↗.4暂.Aa龙猪.主,3,14,17,844,True
2014/5/23,5.48,5.48,7.46,b乙↗上15.A4,0橅.Aa龙猪.主,升.尾连QQ.Q4,连4,金升b↗.0橅.Aa龙猪.主,4,15,18,845,True
2014/5/30,5.73,5.73,9.22,b乙↗上16.A5,0橅.Aa龙猪.主,升.尾连QQ.Q5,连5,金升b↗.0橅.Aa龙猪.主,5,16,19,846,True
2014/6/6,-5.59,-5.59,0.68,b乙↗上17.A6,1柜.Aa龙猪.主,(升)人.连后吞QV,,金升b↗.1柜.Aa龙猪.主,6,17,20,847,True
2014/6/13,6.1,6.1,8.07,b乙↗上18.A7,1柜.Aa龙猪.主,(人)人.吞吞* VO,,金升b↗.1柜.Aa龙猪.主,7,18,21,848,True
2014/6/20,-3.13,-3.13,2.79,b乙↗上19.A8,1柜.Fa震正〇.主,(人)人.吞吞* VO,,金升b↗.1柜.Fa震正〇.主,8,19,22,849,True
2014/6/27,3.58,3.58,3.84,b乙↗上20.A9,1柜.Fa震正〇.主,升.尾吞vO,,金升b↗.1柜.Fa震正〇.主,9,20,23,850,True
2014/7/4,8.68,8.68,10.61,b乙↗上21.A10,0橅.Aa龙猪.主,升.尾连OQ.Q2,,金升b↗.0橅.Aa龙猪.主,10,21,24,851,True
2014/7/11,-2.33,-2.33,1.47,b乙↗上22.A11,0橅.Aa龙猪.主,升.尾反孕Qv,,金升b↗.0橅.Aa龙猪.主,11,22,25,852,True
2014/7/18,3.1,3.1,9.6,b乙↗上23.A12,0橅.Aa龙猪.主,升.尾吞vO,,金升b↗.0橅.Aa龙猪.主,12,23,26,853,True
2014/7/25,-7.78,-7.78,2.77,b乙→中24.Y,5蛀.Be龙管根.主,(升)人.吞吞vOV,,金升b→.5蛀.Be龙管根.主,-1,24,27,854,True
2014/8/1,3.59,3.59,8.51,b乙↗上25.I暂,4暂.Aa龙猪.主,(升)人.吞吞vOVo,,金升b↗.4暂.Aa龙猪.主,1,25,28,855,True
2014/8/8,2.5,2.5,4.51,b乙↗上26.B2暂,4暂.Fd震正芽.主,升.尾连oQ.Q2,,金升b↗.4暂.Fd震正芽.主,2,26,29,856,True
2014/8/15,-1.57,-1.57,1.89,b乙↗上27.B3暂,4暂.Fd震正芽.主,升.尾反孕Qv,,金升b↗.4暂.Fd震正芽.主,3,27,30,857,True
2014/8/22,-1.52,-1.52,0.96,b乙→中28.Y暂,5暂.Fe震正根.主,跌.尾连vW.W2,,金升b→.5暂.Fe震正根.主,-1,28,31,858,True
2014/8/29,-6.41,-6.41,0.65,c丙↘下29.Z-2暂,5暂.Fe震正根.破,跌.尾连WW.W3,,金升c↘.被3v,-2,-1,32,859,True
2014/9/5,3.99,3.99,6.59,c丙↘下30.Z-3暂,5暂.Fe震正根.破,跌.尾反孕Wo,,金升c↘.被3v,-3,-2,33,860,True
2014/9/12,5.42,5.42,7.67,b乙↗上31.I暂,4暂.Dd头正芽.再B,升.尾连oQ.Q2,,金升b↗.4暂.Dd头正芽.再B,1,1,34,861,True
2014/9/19,-7.11,-7.11,0.63,c丙↘下32.Y暂,5暂.Fe震正根.破,(升)人.连后吞QV,,金升c↘.被3v,-1,-1,35,862,True
2014/9/26,2.64,2.64,4.43,b乙→中33.Z-2暂,5暂.De头正根.再B,(升)人.连后吞QVo,,金升b→.5暂.De头正根.再B,-2,1,36,863,True
2014/9/30,0.83,0.83,1.24,b乙↗上34.I暂,4暂.Dd头正芽.再B,升.尾连oQ.Q2,,金升b↗.4暂.Dd头正芽.再B,1,2,37,864,True
2014/10/10,3.95,3.95,4.61,b乙↗上35.B2暂,4暂.Dd头正芽.再B,升.尾连QQ.Q3,连3,金升b↗.4暂.Dd头正芽.再B,2,3,38,865,True
2014/10/17,-5.78,-5.78,0.08,c丙↘下36.Y暂,5暂.Fe震正根.破,(升)人.连后吞QV,,金升c↘.被3v,-1,-1,39,866,True
2014/10/24,-4.45,-4.45,1.26,z丁↘忑-1.Z-2暂,5暂.Ff震负.破,跌.尾连VW.W2,,金升z↘.警3w,-2,-2,40,867,True
2014/10/31,7.82,7.82,10.9,r己↗忐-2.I暂,4暂.Df头负.再C,(跌)人.连后吞WO,,金升r↗.4暂.Df头负.再C.口2I,1,1,41,868,True
2014/11/7,-0.24,-0.24,2.28,a甲↗上1.B2暂,4暂.Dd头正芽.再C,(跌)人.连后吞WOv,,金升a↗.4暂.Dd头正芽.再C,2,2,42,869,True
2014/11/14,-3.92,-3.92,3.02,z丁↘忑-1.Y暂,5暂.Ff震负.破,跌.尾连vW.W2,,金升z↘.警3w,-1,-1,43,870,True
2014/11/21,25.94,25.94,28.91,a甲↗上1.I暂,4暂.Aa龙猪.再C,(跌)人.连后吞WO,高,金升a↗.4暂.Aa龙猪.再C,1,1,44,871,True
2014/11/28,-4.05,-4.05,1.96,a甲↗上2.B2暂,4暂.Aa龙猪.再C,(跌)人.连后吞WOv,,金升a↗.4暂.Aa龙猪.再C,2,2,45,872,True
2014/12/5,-4.57,-4.57,4.08,a甲↗上3.B3暂,4暂.Aa龙猪.再C,跌.尾连vW.W2,,金升a↗.4暂.Aa龙猪.再C,3,3,46,873,True
2014/12/12,0.66,0.66,3.54,a甲↗上4.A4,2栅.Fa震正〇.再C,跌.尾反孕Wo,,金升a↗.2栅.Fa震正〇.再C,4,4,47,874,True
2014/12/19,-7.47,-7.47,1.17,b乙→中5.Y,5蛀.Fe震正根.再B,跌.尾吞oV,,金升b→.5蛀.Fe震正根.再B,-1,5,48,875,True
2014/12/26,-4.67,-4.67,-0.32,c丙↘下6.Z-2,5蛀.Fe震正根.破,跌.尾连VW.W2,,金升c↘.被3v,-2,-1,49,876,True
2014/12/31,-2.74,-2.74,0.5,z丁↘忑-1.Z-3,5蛀.__Aa龙猪._破,跌.尾连WW.W3,,嘘待z↘,-3,-2,-1,877,True
2015/1/9,5.72,5.72,8.88,z丁↘忑-2.Z-4,8姖.Ff震负.破,(跌)人.连后吞WO,,金升z↘.警3w,-4,-3,1,878,True
2015/1/16,-1.37,-1.37,0.32,z丁↘忑-3.Z-5,8姖.Ff震负.破,(跌)人.连后吞WOv,,金升z↘.警3w,-5,-4,2,879,True
2015/1/23,11.47,11.47,12.53,a甲↗上1.I,4蛀.Dd头正芽.再C,升.尾吞vO,,金升a↗.4蛀.Dd头正芽.再C,1,1,3,880,True
2015/1/30,-3.16,-3.16,3.31,a甲↗上2.B2,4蛀.Dd头正芽.再C,升.尾反孕vOv,,金升a↗.4蛀.Dd头正芽.再C,2,2,4,881,True
2015/2/6,-8.35,-8.35,0.3,c丙↘下3.Y暂,5暂.Fe震正根.破,跌.尾连vW.W2,,金升c↘.被3v,-1,-1,5,882,True
2015/2/13,4.22,4.22,4.55,z丁↘忑-1.Z-2暂,5暂.Ff震负.破,跌.尾反孕Wo,,金升z↘.警3w,-2,-2,6,883,True
2015/2/17,5.08,5.08,5.24,a甲↗上1.I暂,4暂.Dd头正芽.再C,升.尾连oQ.Q2,,金升a↗.4暂.Dd头正芽.再C,1,1,7,884,True
2015/2/27,2.27,2.27,3.48,a甲↗上2.B2暂,4暂.Dd头正芽.再C,升.尾连QQ.Q3,连3,金升a↗.4暂.Dd头正芽.再C,2,2,8,885,True
2015/3/6,0.81,0.81,2.81,a甲↗上3.B3暂,4暂.Dd头正芽.再C,升.尾连QQ.Q4,连4,金升a↗.4暂.Dd头正芽.再C,3,3,9,886,True
2015/3/13,-4.03,-4.03,1.54,a甲↗上4.A4,1柜.Dd头正芽.再C,(升)人.连后吞QV,,金升a↗.1柜.Dd头正芽.再C,4,4,10,887,True
2015/3/20,17.95,17.95,19.25,a甲↗上5.A5,1柜.Aa龙猪.主,(人)人.吞吞* VO,高,金升a↗.1柜.Aa龙猪.主,5,5,11,888,True
2015/3/27,18.85,18.85,28.5,a甲↗上6.A6,1柜.Aa龙猪.主,升.尾连OQ.Q2,宽高,金升a↗.1柜.Aa龙猪.主,6,6,12,889,True
2015/4/3,2.4,2.4,5.4,a甲↗上7.A7,1柜.Aa龙猪.主,升.尾连QQ.Q3,宽连3,金升a↗.1柜.Aa龙猪.主,7,7,13,890,True
2015/4/10,-5.85,-5.85,1.7,a甲↗上8.A8,1柜.Aa龙猪.主,(升)人.连后吞QV,,金升a↗.1柜.Aa龙猪.主,8,8,14,891,True
2015/4/17,-2.6,-2.6,8.54,a甲↗上9.A9,2栅.Fa震正〇.主,跌.尾连VW.W2,,金升a↗.2栅.Fa震正〇.主,9,9,15,892,True
2015/4/24,-0.75,-0.75,3.08,a甲↗上10.A10,3桮.Fa震正〇.主,跌.尾连WW.W3,,金升a↗.3桮.Fa震正〇.主,10,10,16,893,True
2015/4/30,-1.58,-1.58,7.72,b乙→中11.Y,5蛀.Fe震正根.主,跌.尾连WW.W4,,金升b→.5蛀.Fe震正根.主,-1,11,17,894,True
2015/5/8,2.91,2.91,9.98,b乙↗上12.I暂,4暂.Fd震正芽.主,(跌)人.连后吞WO,,金升b↗.4暂.Fd震正芽.主,1,12,18,895,True
2015/5/15,19.75,19.75,30.54,b乙↗上13.B2暂,4暂.Aa龙猪.主,升.尾连OQ.Q2,宽高,金升b↗.4暂.Aa龙猪.主,2,13,19,896,True
2015/5/22,3.09,3.09,8.1,b乙↗上14.B3暂,4暂.Aa龙猪.主,升.尾连QQ.Q3,连3,金升b↗.4暂.Aa龙猪.主,3,14,20,897,True
2015/5/29,-2.67,-2.67,12.49,b乙↗上15.A4,0橅.Aa龙猪.主,升.尾反孕Qv,宽,金升b↗.0橅.Aa龙猪.主,4,15,21,898,True
2015/6/5,7.3,7.3,13.17,b乙↗上16.A5,0橅.Aa龙猪.主,升.尾吞vO,,金升b↗.0橅.Aa龙猪.主,5,16,22,899,True
2015/6/12,6.49,6.49,10.03,b乙↗上17.A6,0橅.Aa龙猪.主,升.尾连OQ.Q2,,金升b↗.0橅.Aa龙猪.主,6,17,23,900,True
2015/6/19,-5.68,-5.68,16.02,b乙↗上18.A7,0橅.Aa龙猪.主,升.尾反孕Qv,宽高,金升b↗.0橅.Aa龙猪.主,7,18,24,901,True
2015/6/26,-14.49,-14.49,5.75,b乙→中19.Y,5蛀.Be龙管根.主,跌.尾连vW.W2,宽,金升b→.5蛀.Be龙管根.主,-1,19,25,902,True
2015/7/3,-30.45,-30.45,3.28,c丙↘下20.Z-2,5蛀.__Df头负._破,跌.尾连WW.W3,,嘘待c↘.逃4v,-2,-1,-1,903,True
2015/7/10,-10.94,-10.94,10.04,z丁↘忑-1.Z-3,5蛀.__Aa龙猪._破,跌.尾连WW.W4,,尿降z↘,-3,-2,-2,904,True
2015/7/17,20.71,20.71,21.04,z丁↘忑-2.Z-4,9妩.__Aa龙猪._初,跌.尾反孕Wo,,尿降z↘,-4,-3,-3,905,True
2015/7/24,9.9,9.9,16.25,z丁↘忑-3.Z-5,7姗.__Bd龙管杂._初,升.尾连oQ.Q2,,嘘待z↘,-5,-4,-4,906,True
2015/7/31,-17.77,-17.77,0.95,z丁↘忑-4.Z-6,7姗.__Fa震正〇._初,(升)人.连后吞QV,,尿降z↘,-6,-5,-5,907,True
2015/8/7,5.86,5.86,6.87,z丁↘忑-5.Z-7,7姗.__Fa震正〇._初,(升)人.连后吞QVo,,尿降z↘,-7,-6,-6,908,True
2015/8/14,61.01,61.01,61.01,r己↗忐-6.I,4蛀.Df头负.再D,升.尾连oQ.Q2,宽高,金升r↗.4蛀.Df头负.再D.口2i,1,1,1,909,True
2015/8/21,-11.95,-11.95,15.3,a甲↗上1.B2,4蛀.Dd头正芽.初,升.尾反孕Qv,宽高,金升a↗.4蛀.Dd头正芽.初,2,2,2,910,True
2015/8/28,-8.53,-8.53,-3.5,a甲↗上2.B3,4蛀.Dd头正芽.初,跌.尾连vW.W2,宽,金升a↗.4蛀.Dd头正芽.初,3,3,3,911,True
2015/9/2,-18.83,-18.83,8.94,z丁↘忑-1.Y暂,5暂.__Fa震正〇._破,跌.尾连WW.W3,,嘘待z↘,-1,-1,-1,912,True
2015/9/11,10.6,10.6,12.67,z丁↘忑-2.Z-2暂,5暂.__Fa震正〇._初,跌.尾反孕Wo,,嘘待z↘,-2,-2,-2,913,True
2015/9/18,-5.89,-5.89,9.96,z丁↘忑-3.Z-3暂,5暂.__Fa震正〇._初,(跌)人.孕孕ov,,嘘待z↘,-3,-3,-3,914,True
2015/9/25,0.8,0.8,12.18,z丁↘忑-4.Z-4,9妩.__Fa震正〇._初,(人)人.孕孕vo,,嘘待z↘,-4,-4,-4,915,True
2015/9/30,-3.76,-3.76,3.1,z丁↘忑-5.Z-5,9妩.__Fa震正〇._初,跌.尾吞oV,,尿降z↘,-5,-5,-5,916,True
2015/10/9,7.54,7.54,9.88,z丁↘忑-6.Z-6,8姖.__Fa震正〇._初,(跌)人.吞吞oVO,,嘘待z↘,-6,-6,-6,917,True
2015/10/16,23.02,23.02,27.61,r己↗忐-7.I,4蛀.Df头负.储,升.尾连OQ.Q2,宽高,金升r↗.4蛀.Df头负.储.口1v,1,1,1,918,True
2015/10/23,-9.12,-9.12,4.04,a甲↗上1.B2,4蛀.Dd头正芽.初,升.尾反孕Qv,,金升a↗.4蛀.Dd头正芽.初,2,2,2,919,True
2015/10/30,-3.31,-3.31,2.51,a甲↗上2.B3,4蛀.Dd头正芽.初,跌.尾连vW.W2,,金升a↗.4蛀.Dd头正芽.初,3,3,3,920,True
2015/11/6,0.47,0.47,4.07,a甲↗上3.A4,2栅.Dd头正芽.初,跌.尾反孕Wo,,金升a↗.2栅.Dd头正芽.初,4,4,4,921,True
2015/11/13,5.93,5.93,12.68,a甲↗上4.A5,2栅.Dd头正芽.初,升.尾连oQ.Q2,,金升a↗.2栅.Dd头正芽.初,5,5,5,922,True
2015/11/20,-3.77,-3.77,1.5,a甲↗上5.A6,2栅.Dd头正芽.主,升.尾反孕Qv,,金升a↗.2栅.Dd头正芽.主,6,6,6,923,True
2015/11/27,-8.81,-8.81,3.51,c丙↘下6.Y,5蛀.__Df头负._破,跌.尾连vW.W2,,嘘待c↘.逃4v,-1,-1,-1,924,True
2015/12/4,-2.15,-2.15,0.76,z丁↘忑-1.Z-2,5蛀.__Fa震正〇._初,跌.尾连WW.W3,,嘘待z↘,-2,-2,-2,925,True
2015/12/11,-2.39,-2.39,3.42,z丁↘忑-2.Z-3,5蛀.__Fa震正〇._初,跌.尾连WW.W4,,尿降z↘,-3,-3,-3,926,True
2015/12/18,6.81,6.81,7.01,z丁↘忑-3.Z-4,8姖.__Fa震正〇._初,(跌)人.连后吞WO,,嘘待z↘,-4,-4,-4,927,True
2015/12/25,-1.8,-1.8,0.93,z丁↘忑-4.Z-5,8姖.__Fa震正〇._初,(跌)人.连后吞WOv,,嘘待z↘,-5,-5,-5,928,True
2015/12/31,23.52,23.52,37.52,a甲↗上1.I,4蛀.Aa龙猪.初,升.尾吞vO,宽高,金升a↗.4蛀.Aa龙猪.初,1,1,1,929,True
2016/1/8,-18.89,-18.89,-1.07,b乙→中2.Y暂,5暂.Be龙管根.初,升.尾反孕vOv,宽,金升b→.5暂.Be龙管根.初,-1,2,2,930,True
2016/1/15,-22.91,-22.91,-3.65,z丁↘忑-1.Z-2暂,5暂.__Aa龙猪._初,跌.尾连vW.W2,,尿降z↘,-2,-1,-1,931,True
2016/1/22,7.18,7.18,16.98,z丁↘忑-2.Z-3暂,5暂.__Aa龙猪._初,跌.尾反孕Wo,,尿降z↘,-3,-2,-2,932,True
2016/1/29,2.82,2.82,10.66,z丁↘忑-3.Z-4,7姗.__Bd龙管杂._初,升.尾连oQ.Q2,,尿降z↘,-4,-3,-3,933,True
2016/2/5,1.41,1.41,5.04,z丁↘忑-4.Z-5,6娝.__Bc龙管栅._初,升.尾连QQ.Q3,,尿降z↘,-5,-4,-4,934,True
2016/2/19,7.67,7.67,14.68,y戊↘忠-5.I,4蛀.__Fe震正根._再B,升.尾连QQ.Q4,,尿降y↘,1,-5,-5,935,True
2016/2/26,-8.75,-8.75,7.73,y戊↘忑-6.Y暂,5暂.__Fa震正〇._主,升.尾反孕Qv,,尿降y↘,-1,-6,-6,936,True
2016/3/4,-3.72,-3.72,6.91,y戊↘忑-7.Z-2暂,5暂.__Fa震正〇._主,跌.尾连vW.W2,,尿降y↘,-2,-7,-7,937,True
2016/3/11,-2.08,-2.08,4.09,y戊↘忑-8.Z-3暂,5暂.__Fa震正〇._主,跌.尾连WW.W3,,尿降y↘,-3,-8,-8,938,True
2016/3/18,14.43,14.43,14.43,y戊↘忠-9.I暂,4暂.__Fe震正根._主,(跌)人.连后吞WO,,屎降y↘,1,-9,-9,939,True
2016/3/25,7.24,7.24,17.09,r己↗忐-10.B2暂,4暂.__Fe震正根.储,升.尾连OQ.Q2,,屎降r↗.4暂.__Fe震正根.储.魅6v,2,1,-10,940,True
2016/4/1,-3.21,-3.21,2.51,r己↗忐-11.B3暂,4暂.__Fe震正根.储,(升)人.连后吞QV,,屎降r↗.4暂.__Fe震正根.储.魅6v,3,2,-11,941,True
2016/4/8,3.78,3.78,8.83,a甲↗上1.A4,1柜.Aa龙猪.储,(人)人.吞吞* VO,,金升a↗.1柜.Aa龙猪.储,4,3,1,942,True
2016/4/15,1.86,1.86,3.58,a甲↗上2.A5,1柜.Fa震正〇.储,升.尾连OQ.Q2,,金升a↗.1柜.Fa震正〇.储,5,4,2,943,True
2016/4/22,-5.28,-5.28,9.05,a甲↗上3.A6,3桮.Bb龙管杂.储,(升)人.连后吞QV,,金升a↗.3桮.Bb龙管杂.储,6,5,3,944,True
2016/4/29,-5.44,-5.44,0.99,c丙↘下4.Y,5蛀.__Df头负._再C,跌.尾连VW.W2,,尿降c↘.逃5I,-1,-1,-1,945,True
2016/5/6,0,0,6.1,c丙↘下5.Z-2,5蛀.__Df头负._再C,跌.尾反孕Wo,,屎降c↘.逃5I,-2,-2,-2,946,True
2016/5/13,-7.71,-7.71,-2.31,z丁↘忑-1.Z-3,5蛀.__Fa震正〇._再C,跌.尾吞oV,,屎降z↘,-3,-3,-3,947,True
2016/5/20,-0.46,-0.46,2.36,z丁↘忑-2.Z-4,9妩.__Fa震正〇._再C,跌.尾连VW.W2,,屎降z↘,-4,-4,-4,948,True
2016/5/27,1.22,1.22,4.5,z丁↘忑-3.Z-5,8姖.__Fa震正〇._再C,(跌)人.连后吞WO,,屎降z↘,-5,-5,-5,949,True
2016/6/3,6.18,6.18,8.07,y戊↘忠-4.I,4蛀.__Fe震正根._再C,升.尾连OQ.Q2,,屎降y↘,1,-6,-6,950,True
2016/6/8,5.97,5.97,7.53,r己↗忐-5.B2,4蛀.__Fe震正根.储,升.尾连QQ.Q3,,屎降r↗.4蛀.__Fe震正根.储.魅6v,2,1,-7,951,True
2016/6/17,-4.16,-4.16,4.69,r己↗忐-6.B3,4蛀.__Fe震正根.储,升.尾反孕Qv,,屎降r↗.4蛀.__Fe震正根.储.魅6v,3,2,-8,952,True
2016/6/24,-3.01,-3.01,1.68,y戊↘忑-7.Y暂,5暂.__Fa震正〇._再B,跌.尾连vW.W2,,屎降y↘,-1,-1,-9,953,True
2016/7/1,2.81,2.81,4.69,y戊↘忠-8.I暂,4暂.__Fe震正根._再B,(跌)人.连后吞WO,,屎降y↘,1,-2,-10,954,True
2016/7/8,1.82,1.82,4.42,r己↗忐-9.B2暂,4暂.__Fe震正根.储,升.尾连OQ.Q2,,屎降r↗.4暂.__Fe震正根.储.魅6v,2,1,-11,955,True
2016/7/15,0.96,0.96,2.69,a甲↗上1.B3暂,4暂.Dd头正芽.储,升.尾连QQ.Q3,连3,唏待a↗.4暂.Dd头正芽.储,3,2,1,956,True
2016/7/22,-0.95,-0.95,1.16,a甲↗上2.A4,1柜.__Ff震负.储,(升)人.连后吞QV,,屎降a↗.1柜.__Ff震负.储.魅6w,4,3,-1,957,True
2016/7/29,-3.93,-3.93,4.55,c丙↘下3.Y,5蛀.__Df头负._再C,跌.尾连VW.W2,,屎降c↘.逃5I,-1,-1,-2,958,True
2016/8/5,-3.73,-3.73,-0.43,z丁↘忑-1.Z-2,5蛀.__Fa震正〇._再C,跌.尾连WW.W3,,屎降z↘,-2,-2,-3,959,True
2016/8/12,0.3,0.3,1.79,z丁↘忑-2.Z-3,5蛀.__Aa龙猪._再C,跌.尾反孕Wo,,屎降z↘,-3,-3,-4,960,True
2016/8/19,1.86,1.86,2.97,z丁↘忑-3.Z-4,7姗.__Bd龙管杂._再C,升.尾连oQ.Q2,,屎降z↘,-4,-4,-5,961,True
2016/8/26,-0.07,-0.07,1.38,z丁↘忑-4.Z-5,7姗.__Bd龙管杂._再C,升.尾反孕Qv,,屎降z↘,-5,-5,-6,962,True
2016/9/2,-1.02,-1.02,1.17,z丁↘忑-5.Z-6,7姗.__Fa震正〇._主,跌.尾连vW.W2,,屎降z↘,-6,-6,-7,963,True
2016/9/9,1.18,1.18,3.02,z丁↘忑-6.Z-7,7姗.__Fa震正〇._主,(跌)人.连后吞WO,,屎降z↘,-7,-7,-8,964,True
2016/9/14,-4.73,-4.73,-1.24,z丁↘忑-7.Z-8,8姖.__Aa龙猪._主,(人)人.吞吞* OV,,屎降z↘,-8,-8,-9,965,True
2016/9/23,2.06,2.06,3.36,z丁↘忑-8.Z-9,8姖.__Aa龙猪._主,(人)人.吞吞* OV,,屎降z↘,-9,-9,-10,966,True
2016/9/30,-0.67,-0.67,0.52,z丁↘忑-9.Z-10,8姖.__Aa龙猪._主,(人)人.孕孕vo,,屎降z↘,-10,-10,-11,967,True
2016/10/14,2.56,2.56,3.32,y戊↘忠-10.I,4蛀.__Fe震正根._主,升.尾吞vO,,屎降y↘,1,-11,-12,968,True
2016/10/21,0.07,0.07,3.46,y戊↘忠-11.B2,4蛀.__Fe震正根._主,升.尾连OQ.Q2,,屎降y↘,2,-12,-13,969,True
2016/10/28,0.15,0.15,2.35,y戊↘忠-12.B3,4蛀.__Fe震正根._主,升.尾连QQ.Q3,,屎降y↘,3,-13,-14,970,True
2016/11/4,0.51,0.51,1.17,r己↗忐-13.A4,0橅.__Fe震正根.储,升.尾连QQ.Q4,,屎降r↗.0橅.__Fe震正根.储.魅6v,4,1,-15,971,True
2016/11/11,1.39,1.39,1.39,a甲↗上1.A5,0橅.__Ff震负.储,升.尾连QQ.Q5,,屎降a↗.0橅.__Ff震负.储.魅6v,5,2,-16,972,True
2016/11/18,1.44,1.44,3.6,a甲↗上2.A6,0橅.Aa龙猪.储,升.尾连QQ.Q6,连6,唏待a↗.0橅.Aa龙猪.储,6,3,1,973,True
2016/11/25,2.63,2.63,6.81,a甲↗上3.A7,0橅.Aa龙猪.初,升.尾连QQ.Q7,连7,唏待a↗.0橅.Aa龙猪.初,7,4,2,974,True
2016/12/2,-6.98,-6.98,0.76,c丙↘下4.Y,5蛀.__Df头负._再D,(升)人.连后吞QV,,屎降c↘.逃5I,-1,-1,-1,975,True
2016/12/9,0.37,0.37,2.45,c丙↘下5.Z-2,5蛀.__Df头负._再D,(升)人.连后吞QVo,,屎降c↘.逃5I,-2,-2,-2,976,True
2016/12/16,0.3,0.3,3.78,z丁↘忑-1.Z-3,5蛀.__Aa龙猪._再D,升.尾连oQ.Q2,,屎降z↘,-3,-3,-3,977,True
2016/12/23,-3.32,-3.32,2.07,z丁↘忑-2.Z-4,7姗.__Bd龙管杂._再D,(升)人.连后吞QV,,屎降z↘,-4,-4,-4,978,True
2016/12/30,1.22,1.22,2.22,z丁↘忑-3.Z-5,7姗.__Bd龙管杂._再D,(升)人.连后吞QVo,,屎降z↘,-5,-5,-5,979,True
2017/1/6,5.43,5.43,6.94,r己↗忐-4.I,4蛀.__Fe震正根.储,升.尾连oQ.Q2,,屎降r↗.4蛀.__Fe震正根.储.魅6v,1,1,-6,980,True
2017/1/13,-4.01,-4.01,4.29,y戊↘忑-5.Y暂,5暂.__Fa震正〇._再B,升.尾反孕Qv,,屎降y↘,-1,-1,-7,981,True
2017/1/20,2.31,2.31,4.25,r己↗忐-6.I暂,4暂.__Fe震正根.储,(升)人.孕孕vo,,屎降r↗.4暂.__Fe震正根.储.魅6v,1,1,-8,982,True
2017/1/26,-2.62,-2.62,-0.58,y戊↘忑-7.Y暂,5暂.__Fa震正〇._再B,(人)人.孕孕vo,,屎降y↘,-1,-1,-9,983,True
2017/2/3,2.62,2.62,2.99,r己↗忐-8.I暂,4暂.__Fe震正根.储,升.尾吞vO,,屎降r↗.4暂.__Fe震正根.储.魅6v,1,1,-10,984,True
2017/2/10,0.36,0.36,3.21,a甲↗上1.B2暂,4暂.__Ff震负.储,升.尾连OQ.Q2,,屎降a↗.4暂.__Ff震负.储.魅6w,2,2,-11,985,True
2017/2/17,-2.69,-2.69,2.25,z丁↘忑-1.Y暂,5暂.__Fa震正〇._再C,(升)人.连后吞QV,,屎降z↘,-1,-1,-12,986,True
2017/2/24,4.78,4.78,6.35,a甲↗上1.I暂,4暂.Dd头正芽.储,(人)人.吞吞* VO,,唏待a↗.4暂.Dd头正芽.储,1,1,1,987,True
2017/3/3,0.71,0.71,1.43,a甲↗上2.B2暂,4暂.Dd头正芽.初,升.尾连OQ.Q2,,唏待a↗.4暂.Dd头正芽.初,2,2,2,988,True
2017/3/10,-2.76,-2.76,0.57,a甲↗上3.B3暂,4暂.Dd头正芽.初,(升)人.连后吞QV,,唏待a↗.4暂.Dd头正芽.初,3,3,3,989,True
2017/3/17,-1.46,-1.46,1.24,c丙↘下4.Y暂,5暂.__Df头负._再D,跌.尾连VW.W2,,屎降c↘.逃5i,-1,-1,-1,990,True
2017/3/24,0.3,0.3,1.92,c丙↘下5.Z-2暂,5暂.__Df头负._再D,跌.尾反孕Wo,,屎降c↘.逃5I,-2,-2,-2,991,True
2017/3/31,-3.9,-3.9,0.66,z丁↘忑-1.Z-3暂,5暂.__Aa龙猪._再D,跌.尾吞oV,,屎降z↘,-3,-3,-3,992,True
2017/4/7,1.07,1.07,2.07,z丁↘忑-2.Z-4,9妩.__Aa龙猪._再D,跌.尾反孕oVo,,屎降z↘,-4,-4,-4,993,True
2017/4/14,-1.36,-1.36,0.68,z丁↘忑-3.Z-5,9妩.__Aa龙猪._再D,跌.尾吞oV,,屎降z↘,-5,-5,-5,994,True
2017/4/21,-4.53,-4.53,-0.08,z丁↘忑-4.Z-6,9妩.__Aa龙猪._再D,跌.尾连VW.W2,,屎降z↘,-6,-6,-6,995,True
2017/4/28,-2.01,-2.01,0.32,z丁↘忑-5.Z-7,9妩.__Aa龙猪._主,跌.尾连WW.W3,,屎降z↘,-7,-7,-7,996,True
2017/5/5,-0.49,-0.49,0.66,z丁↘忑-6.Z-8,9妩.__Aa龙猪._主,跌.尾连WW.W4,,屎降z↘,-8,-8,-8,997,True
2017/5/12,-5.53,-5.53,0.66,z丁↘忑-7.Z-9,9妩.__Aa龙猪._主,跌.尾连WW.W5,,屎降z↘,-9,-9,-9,998,True
2017/5/19,0.26,0.26,2.88,z丁↘忑-8.Z-10,9妩.__Aa龙猪._主,跌.尾反孕Wo,,屎降z↘,-10,-10,-10,999,True
2017/5/26,-9.94,-9.94,0.09,z丁↘忑-9.Z-11,9妩.__Aa龙猪._主,跌.尾吞oV,,屎降z↘,-11,-11,-11,1000,True
2017/6/2,-2.13,-2.13,3,z丁↘忑-10.Z-12,9妩.__Aa龙猪._主,跌.尾连VW.W2,,屎降z↘,-12,-12,-12,1001,True
2017/6/9,4.75,4.75,7.12,z丁↘忑-11.Z-13,8姖.__Aa龙猪._主,(跌)人.连后吞WO,,屎降z↘,-13,-13,-13,1002,True
2017/6/16,3.68,3.68,4.63,z丁↘忑-12.Z-14,7姗.__Bd龙管杂._主,升.尾连OQ.Q2,,屎降z↘,-14,-14,-14,1003,True
2017/6/23,-0.09,-0.09,4.28,y戊↘忠-13.I,4蛀.__Fe震正根._主,升.尾反孕Qv,,屎降y↘,1,-15,-15,1004,True
2017/6/30,0.82,0.82,1.82,y戊↘忠-14.B2,4蛀.__Fe震正根._主,升.尾吞vO,,屎降y↘,2,-16,-16,1005,True
2017/7/7,2.71,2.71,2.8,y戊↘忠-15.B3,4蛀.__Fe震正根._主,升.尾连OQ.Q2,,屎降y↘,3,-17,-17,1006,True
2017/7/14,-2.38,-2.38,9.95,y戊↘忠-16.A4,0橅.__Fe震正根._主,升.尾反孕Qv,,屎降y↘,4,-18,-18,1007,True
2017/7/21,-5.32,-5.32,-0.36,y戊↘忑-17.Y,5蛀.__Fa震正〇._主,跌.尾连vW.W2,,屎降y↘,-1,-19,-19,1008,True
2017/7/28,3.33,3.33,4.67,y戊↘忑-18.Z-2,5蛀.__Fa震正〇._主,跌.尾反孕Wo,,屎降y↘,-2,-20,-20,1009,True
2017/8/4,-1.38,-1.38,3.04,y戊↘忑-19.Z-3,5蛀.__Fa震正〇._主,(跌)人.孕孕ov,,屎降y↘,-3,-21,-21,1010,True
2017/8/11,-1.12,-1.12,3.36,y戊↘忑-20.Z-4,9妩.__Fa震正〇._主,跌.尾连vW.W2,,屎降y↘,-4,-22,-22,1011,True
2017/8/18,3.97,3.97,4.16,y戊↘忠-21.I,4蛀.__Fe震正根._主,(跌)人.连后吞WO,,屎降y↘,1,-23,-23,1012,True
2017/8/25,-0.27,-0.27,1.36,y戊↘忠-22.B2,4蛀.__Fe震正根._主,(跌)人.连后吞WOv,,屎降y↘,2,-24,-24,1013,True
2017/9/1,4.65,4.65,5.74,r己↗忐-23.B3,4蛀.__Fe震正根.储,升.尾吞vO,,屎降r↗.4蛀.__Fe震正根.储.魅6v,3,1,-25,1014,True
2017/9/8,-0.09,-0.09,1.74,a甲↗上1.A4,0橅.__Ff震负.储,升.尾反孕vOv,,屎降a↗.0橅.__Ff震负.储.魅6w,4,2,-26,1015,True
2017/9/15,1.31,1.31,4.1,a甲↗上2.A5,0橅.__Ff震负.储,升.尾吞vO,,屎降a↗.0橅.__Ff震负.储.魅6w,5,3,-27,1016,True
2017/9/22,0.77,0.77,3.53,a甲↗上3.A6,0橅.Aa龙猪.储,升.尾连OQ.Q2,,唏待a↗.0橅.Aa龙猪.储,6,4,1,1017,True
2017/9/29,3.16,3.16,5.89,a甲↗上4.A7,0橅.Aa龙猪.储,升.尾连QQ.Q3,连3,唏待a↗.0橅.Aa龙猪.储,7,5,2,1018,True
2017/10/13,-1.08,-1.08,3.56,a甲↗上5.A8,0橅.Aa龙猪.初,升.尾反孕Qv,,唏待a↗.0橅.Aa龙猪.初,8,6,3,1019,True
2017/10/20,-4.1,-4.1,0.75,b乙→中6.Y,5蛀.__Ff震负._再D,跌.尾连vW.W2,,屎降b→.5蛀.__Ff震负._再D.魅6u,-1,7,-1,1020,True
2017/10/27,1.83,1.83,3.66,b乙→中7.Z-2,5蛀.Be龙管根.初,跌.尾反孕Wo,,唏待b→.5蛀.Be龙管根.初,-2,8,1,1021,True
2017/11/3,-6.6,-6.6,-0.43,c丙↘下8.Z-3,5蛀.__Df头负._再D,跌.尾吞oV,,屎降c↘.逃5I,-3,-1,-1,1022,True
2017/11/10,2.57,2.57,3.3,z丁↘忑-1.Z-4,9妩.__Fa震正〇._再D,跌.尾反孕oVo,,屎降z↘,-4,-2,-2,1023,True
2017/11/17,-5.55,-5.55,1.7,z丁↘忑-2.Z-5,9妩.__Aa龙猪._再D,跌.尾吞oV,,屎降z↘,-5,-3,-3,1024,True
2017/11/24,-3.41,-3.41,0,z丁↘忑-3.Z-6,9妩.__Aa龙猪._再D,跌.尾连VW.W2,,屎降z↘,-6,-4,-4,1025,True
2017/12/1,3.14,3.14,4.22,z丁↘忑-4.Z-7,9妩.__Aa龙猪._再D,跌.尾反孕Wo,,屎降z↘,-7,-5,-5,1026,True
2017/12/8,-2,-2,0.95,z丁↘忑-5.Z-8,9妩.__Aa龙猪._主,(跌)人.孕孕ov,,屎降z↘,-8,-6,-6,1027,True
2017/12/15,-0.48,-0.48,1.26,z丁↘忑-6.Z-9,9妩.__Aa龙猪._主,跌.尾连vW.W2,,屎降z↘,-9,-7,-7,1028,True
2017/12/22,2.05,2.05,3.12,z丁↘忑-7.Z-10,8姖.__Fa震正〇._主,(跌)人.连后吞WO,,屎降z↘,-10,-8,-8,1029,True
2017/12/29,1.81,1.81,3.44,y戊↘忠-8.I,4蛀.__Fe震正根._主,升.尾连OQ.Q2,,屎降y↘,1,-9,-9,1030,True
2018/1/5,2.53,2.53,3.75,r己↗忐-9.B2,4蛀.__Fe震正根.储,升.尾连QQ.Q3,,屎降r↗.4蛀.__Fe震正根.储.魅6v,2,1,-10,1031,True
2018/1/12,1.56,1.56,4.48,r己↗忐-10.B3,4蛀.__Fe震正根.储,升.尾连QQ.Q4,,屎降r↗.4蛀.__Fe震正根.储.魅6v,3,2,-11,1032,True
2018/1/19,1.89,1.89,2.52,a甲↗上1.A4,0橅.Aa龙猪.储,升.尾连QQ.Q5,连5,唏待a↗.0橅.Aa龙猪.储,4,3,1,1033,True
2018/1/26,-2.48,-2.48,0.53,a甲↗上2.A5,1柜.Aa龙猪.储,(升)人.连后吞QV,,唏待a↗.1柜.Aa龙猪.储,5,4,2,1034,True
2018/2/2,-5.71,-5.71,0.91,z丁↘忑-1.Y,5蛀.__Fa震正〇._再C,跌.尾连VW.W2,,屎降z↘,-1,-1,-1,1035,True
2018/2/9,-7.69,-7.69,-0.1,z丁↘忑-2.Z-2,5蛀.__Aa龙猪._再C,跌.尾连WW.W3,,屎降z↘,-2,-2,-2,1036,True
2018/2/14,7.71,7.71,8.65,z丁↘忑-3.Z-3,5蛀.__Aa龙猪._再C,(跌)人.连后吞WO,,屎降z↘,-3,-3,-3,1037,True
2018/2/23,-1.26,-1.26,1.45,z丁↘忑-4.Z-4,8姖.__Aa龙猪._再C,(跌)人.连后吞WOv,,屎降z↘,-4,-4,-4,1038,True
2018/3/2,7.15,7.15,8.52,r己↗忐-5.I,4蛀.__Fe震正根.储,升.尾吞vO,,屎降r↗.4蛀.__Fe震正根.储.魅6v,1,1,-5,1039,True
2018/3/9,3.29,3.29,5.21,a甲↗上1.B2,4蛀.Aa龙猪.储,升.尾连OQ.Q2,,唏待a↗.4蛀.Aa龙猪.储,2,2,1,1040,True
2018/3/16,-2.3,-2.3,1.59,a甲↗上2.B3,4蛀.Aa龙猪.储,升.尾反孕Qv,,唏待a↗.4蛀.Aa龙猪.储,3,3,2,1041,True
2018/3/23,-5.8,-5.8,2.54,c丙↘下3.Y暂,5暂.__Df头负._再C,跌.尾连vW.W2,,屎降c↘.逃5I,-1,-1,-1,1042,True
2018/3/30,5.29,5.29,5.96,b乙↗上4.I暂,4暂.__Ff震负.储,跌.尾反孕Wo,,屎降b↗.4暂.__Ff震负.储.魅6w,1,1,-2,1043,True
2018/4/4,-5.39,-5.39,0.27,z丁↘忑-1.Y暂,5暂.__Fa震正〇._再C,跌.尾吞oV,,屎降z↘,-1,-1,-3,1044,True
2018/4/13,-4.05,-4.05,-0.19,z丁↘忑-2.Z-2暂,5暂.__Fa震正〇._再C,跌.尾连VW.W2,,屎降z↘,-2,-2,-4,1045,True
2018/4/20,-7.34,-7.34,0,z丁↘忑-3.Z-3暂,5暂.__Aa龙猪._再C,跌.尾连WW.W3,,屎降z↘,-3,-3,-5,1046,True
2018/4/27,-0.76,-0.76,2.39,z丁↘忑-4.Z-4,9妩.__Aa龙猪._再C,跌.尾连WW.W4,,屎降z↘,-4,-4,-6,1047,True
2018/5/4,4.27,4.27,4.92,z丁↘忑-5.Z-5,8姖.__Aa龙猪._主,(跌)人.连后吞WO,,屎降z↘,-5,-5,-7,1048,True
2018/5/11,1.47,1.47,3.25,z丁↘忑-6.Z-6,7姗.__Bd龙管杂._主,升.尾连OQ.Q2,,屎降z↘,-6,-6,-8,1049,True
2018/5/18,-2.59,-2.59,0.21,z丁↘忑-7.Z-7,7姗.__Fa震正〇._主,(升)人.连后吞QV,,屎降z↘,-7,-7,-9,1050,True
2018/5/25,0.42,0.42,2.23,z丁↘忑-8.Z-8,7姗.__Fa震正〇._主,(升)人.连后吞QVo,,屎降z↘,-8,-8,-10,1051,True
2018/6/1,-3.38,-3.38,0.42,z丁↘忑-9.Z-9,7姗.__Fa震正〇._主,跌.尾吞oV,,屎降z↘,-9,-9,-11,1052,True
2018/6/8,-0.22,-0.22,3.28,z丁↘忑-10.Z-10,9妩.__Aa龙猪._主,跌.尾连VW.W2,,屎降z↘,-10,-10,-12,1053,True
2018/6/15,2.63,2.63,5.26,z丁↘忑-11.Z-11,8姖.__Aa龙猪._主,(跌)人.连后吞WO,,屎降z↘,-11,-11,-13,1054,True
2018/6/22,-11.54,-11.54,-0.43,z丁↘忑-12.Z-12,8姖.__Aa龙猪._主,(人)人.吞吞* OV,,屎降z↘,-12,-12,-14,1055,True
2018/6/29,8.45,8.45,9.42,z丁↘忑-13.Z-13,8姖.__Aa龙猪._主,(人)人.吞吞* OV,,屎降z↘,-13,-13,-15,1056,True
2018/7/6,5.01,5.01,11.02,y戊↘忠-14.I,4蛀.__Be龙管根._主,升.尾连oQ.Q2,,屎降y↘,1,-14,-16,1057,True
2018/7/13,-4.77,-4.77,4.14,y戊↘忑-15.Y暂,5暂.__Fa震正〇._主,升.尾反孕Qv,,屎降y↘,-1,-15,-17,1058,True
2018/7/20,-0.78,-0.78,2.67,y戊↘忑-16.Z-2暂,5暂.__Fa震正〇._主,跌.尾连vW.W2,,屎降y↘,-2,-16,-18,1059,True
2018/7/27,3.03,3.03,5.39,y戊↘忠-17.I暂,4暂.__Fe震正根._主,(跌)人.连后吞WO,,屎降y↘,1,-17,-19,1060,True
2018/8/3,-5.45,-5.45,2.18,y戊↘忑-18.Y暂,5暂.__Fa震正〇._主,(人)人.吞吞* OV,,屎降y↘,-1,-18,-20,1061,True
2018/8/10,2.65,2.65,5.18,y戊↘忑-19.Z-2暂,5暂.__Aa龙猪._主,(人)人.吞吞* OV,,屎降y↘,-2,-19,-21,1062,True
2018/8/17,-2.92,-2.92,-0.11,y戊↘忑-20.Z-3暂,5暂.__Aa龙猪._主,跌.尾吞oV,,屎降y↘,-3,-20,-22,1063,True
2018/8/24,-0.12,-0.12,0.92,y戊↘忑-21.Z-4,9妩.__Aa龙猪._主,跌.尾连VW.W2,,屎降y↘,-4,-21,-23,1064,True
2018/8/31,-3.13,-3.13,2.55,y戊↘忑-22.Z-5,9妩.__Fa震正〇._主,跌.尾连WW.W3,,屎降y↘,-5,-22,-24,1065,True
2018/9/7,-4.3,-4.3,0,y戊↘忑-23.Z-6,9妩.__Fa震正〇._主,跌.尾连WW.W4,,屎降y↘,-6,-23,-25,1066,True
2018/9/14,-3.12,-3.12,1.12,y戊↘忑-24.Z-7,9妩.__Aa龙猪._主,跌.尾连WW.W5,,屎降y↘,-7,-24,-26,1067,True
2018/9/21,0.9,0.9,1.42,y戊↘忑-25.Z-8,9妩.__Aa龙猪._主,跌.尾反孕Wo,,屎降y↘,-8,-25,-27,1068,True
2018/9/28,-1.28,-1.28,1.15,y戊↘忑-26.Z-9,9妩.__Aa龙猪._主,(跌)人.孕孕ov,,屎降y↘,-9,-26,-28,1069,True
2018/10/12,-11.51,-11.51,5.43,y戊↘忑-27.Z-10,9妩.__Aa龙猪._主,跌.尾连vW.W2,,屎降y↘,-10,-27,-29,1070,True
2018/10/19,-4.97,-4.97,0.58,y戊↘忑-28.Z-11,9妩.__Aa龙猪._主,跌.尾连WW.W3,,屎降y↘,-11,-28,-30,1071,True
2018/10/26,3.69,3.69,8.46,y戊↘忑-29.Z-12,9妩.__Aa龙猪._主,跌.尾反孕Wo,,屎降y↘,-12,-29,-31,1072,True
2018/11/2,2.97,2.97,3.41,y戊↘忑-30.Z-13,7姗.__Bd龙管杂._主,升.尾连oQ.Q2,,屎降y↘,-13,-30,-32,1073,True
2018/11/9,-1.01,-1.01,5.33,y戊↘忑-31.Z-14,7姗.__Fa震正〇._主,升.尾反孕Qv,,屎降y↘,-14,-31,-33,1074,True
2018/11/16,8.44,8.44,8.88,y戊↘忠-32.I,4蛀.__Fe震正根._主,升.尾吞vO,,屎降y↘,1,-32,-34,1075,True
2018/11/23,-6.98,-6.98,1.07,y戊↘忑-33.Y暂,5暂.__Fa震正〇._主,升.尾反孕vOv,,屎降y↘,-1,-33,-35,1076,True
2018/11/30,0.58,0.58,3.03,y戊↘忑-34.Z-2暂,5暂.__Fa震正〇._主,(升)人.孕孕vo,,屎降y↘,-2,-34,-36,1077,True
2018/12/7,1,1,5.16,y戊↘忑-35.Z-3暂,5暂.__Fa震正〇._主,升.尾连oQ.Q2,,屎降y↘,-3,-35,-37,1078,True
2018/12/14,-3.41,-3.41,0.85,y戊↘忑-36.Z-4,7姗.__Fa震正〇._主,(升)人.连后吞QV,,屎降y↘,-4,-36,-38,1079,True
2018/12/21,-4.26,-4.26,0.59,y戊↘忑-37.Z-5,7姗.__Fa震正〇._主,跌.尾连VW.W2,,屎降y↘,-5,-37,-39,1080,True
2018/12/28,0,0,5.38,y戊↘忑-38.Z-6,7姗.__Fa震正〇._主,跌.尾反孕Wo,,屎降y↘,-6,-38,-40,1081,True
2019/1/4,2,2,2.15,y戊↘忑-39.Z-7,7姗.__Bd龙管杂._主,升.尾连oQ.Q2,,屎降y↘,-7,-39,-41,1082,True
2019/1/11,6.17,6.17,6.48,y戊↘忠-40.I,4蛀.__Be龙管根._主,升.尾连QQ.Q3,,屎降y↘,1,-40,-42,1083,True
2019/1/18,-4.26,-4.26,-0.43,y戊↘忠-41.B2,4蛀.__Be龙管根._主,升.尾反孕Qv,,屎降y↘,2,-41,-43,1084,True
2019/2/1,5.19,5.19,10.07,r己↗忐-42.B3,4蛀.__Fe震正根.储,升.尾吞vO,,屎降r↗.4蛀.__Fe震正根.储.魅6v,3,1,-44,1085,True
2019/2/15,7.89,7.89,17.75,a甲↗上1.A4,0橅.__Ff震负.储,升.尾连OQ.Q2,,屎降a↗.0橅.__Ff震负.储.魅6w,4,2,-45,1086,True
2019/2/22,-0.39,-0.39,2.22,a甲↗上2.A5,0橅.Aa龙猪.储,升.尾反孕Qv,,唏待a↗.0橅.Aa龙猪.储,5,3,1,1087,True
2019/3/1,4.85,4.85,8.26,a甲↗上3.A6,0橅.Aa龙猪.储,升.尾吞vO,,唏待a↗.0橅.Aa龙猪.储,6,4,2,1088,True
2019/3/8,-2.88,-2.88,5.62,a甲↗上4.A7,0橅.Aa龙猪.初,升.尾反孕vOv,,唏待a↗.0橅.Aa龙猪.初,7,5,3,1089,True
2019/3/15,7.59,7.59,9.65,a甲↗上5.A8,0橅.Aa龙猪.初,升.尾吞vO,,唏待a↗.0橅.Aa龙猪.初,8,6,4,1090,True
2019/3/22,5.38,5.38,7.54,a甲↗上6.A9,0橅.Aa龙猪.初,升.尾连OQ.Q2,,银升a↗.0橅.Aa龙猪.初,9,7,5,1091,True
2019/3/29,-3.97,-3.97,-0.79,a甲↗上7.A10,0橅.Aa龙猪.初,升.尾反孕Qv,,唏待a↗.0橅.Aa龙猪.初,10,8,6,1092,True
2019/4/4,12.65,12.65,21.04,a甲↗上8.A11,0橅.Aa龙猪.初,升.尾吞vO,高,银升a↗.0橅.Aa龙猪.初,11,9,7,1093,True
2019/4/12,30.54,30.54,30.54,a甲↗上9.A12,0橅.Aa龙猪.初,升.尾连OQ.Q2,宽高,银升a↗.0橅.Aa龙猪.初,12,10,8,1094,True
2019/4/19,31.35,31.35,45.34,a甲↗上10.A13,0橅.Aa龙猪.初,升.尾连QQ.Q3,宽高连3,银升a↗.0橅.Aa龙猪.初,13,11,9,1095,True
2019/4/26,-18.73,-18.73,-0.92,a甲↗上11.A14,0橅.Aa龙猪.主,升.尾反孕Qv,宽,银升a↗.0橅.Aa龙猪.主,14,12,10,1096,True
2019/4/30,-2.64,-2.64,0.9,a甲↗上12.A15,2栅.Bc龙管栅.主,跌.尾连vW.W2,宽,金升a↗.2栅.Bc龙管栅.主,15,13,11,1097,True
2019/5/10,-5.96,-5.96,-4.25,a甲↗上13.A16,3桮.Fa震正〇.主,跌.尾连WW.W3,宽,金升a↗.3桮.Fa震正〇.主,16,14,12,1098,True
2019/5/17,-8.72,-8.72,6.74,b乙→中14.Y,5蛀.Fe震正根.主,跌.尾连WW.W4,宽,金升b→.5蛀.Fe震正根.主,-1,15,13,1099,True
2019/5/24,-1.71,-1.71,1.53,b乙→中15.Z-2,5蛀.Fe震正根.主,跌.尾连WW.W5,宽,金升b→.5蛀.Fe震正根.主,-2,16,14,1100,True
2019/5/31,-3.85,-3.85,2.2,c丙↘下16.Z-3,5蛀.Fe震正根.破,跌.尾连WW.W6,,金升c↘.被3v,-3,-1,15,1101,True
2019/6/6,-9.82,-9.82,9.44,c丙↘下17.Z-4,9妩.Fe震正根.破,跌.尾连WW.W7,,金升c↘.被3v,-4,-2,16,1102,True
2019/6/14,2.85,2.85,9.41,z丁↘忑-1.Z-5,9妩.__Fa震正〇._破,跌.尾反孕Wo,,嘘待z↘,-5,-3,-1,1103,True
2019/6/21,7.09,7.09,9.46,z丁↘忑-2.Z-6,7姗.Ff震负.破,升.尾连oQ.Q2,,金升z↘.警3w,-6,-4,1,1104,True
2019/6/28,4.22,4.22,9.98,r己↗忐-3.I,4蛀.Df头负.再C,升.尾连QQ.Q3,连3,金升r↗.4蛀.Df头负.再C.口2I,1,1,2,1105,True
2019/7/5,0.92,0.92,11.14,r己↗忐-4.B2,4蛀.Df头负.再C,升.尾连QQ.Q4,连4,金升r↗.4蛀.Df头负.再C.口2I,2,2,3,1106,True
2019/7/12,-9.12,-9.12,0,y戊↘忑-5.Y暂,5暂.Ff震负.破,(升)人.连后吞QV,,金升y↘.警3w,-1,-1,4,1107,True
2019/7/19,-1,-1,2.11,y戊↘忑-6.Z-2暂,5暂.__Fa震正〇._破,跌.尾连VW.W2,,嘘待y↘,-2,-2,-1,1108,True
2019/7/26,-2.74,-2.74,0.71,y戊↘忑-7.Z-3暂,5暂.__Aa龙猪._破,跌.尾连WW.W3,,嘘待y↘,-3,-3,-2,1109,True
2019/8/2,-5.01,-5.01,1.15,y戊↘忑-8.Z-4,9妩.__Aa龙猪._初,跌.尾连WW.W4,,尿降y↘,-4,-4,-3,1110,True
2019/8/9,-6.26,-6.26,0.33,y戊↘忑-9.Z-5,9妩.__Aa龙猪._初,跌.尾连WW.W5,,尿降y↘,-5,-5,-4,1111,True
2019/8/16,0.7,0.7,2.58,y戊↘忑-10.Z-6,9妩.__Aa龙猪._初,跌.尾反孕Wo,,尿降y↘,-6,-6,-5,1112,True
2019/8/23,3.6,3.6,6.86,y戊↘忑-11.Z-7,7姗.__Bd龙管杂._初,升.尾连oQ.Q2,,尿降y↘,-7,-7,-6,1113,True
2019/8/30,20.31,20.31,39.51,r己↗忐-12.I,4蛀.Df头负.储,升.尾连QQ.Q3,宽高连3,金升r↗.4蛀.Df头负.储.口1v,1,1,1,1114,True
2019/9/6,4.2,4.2,10.45,a甲↗上1.B2,4蛀.Aa龙猪.初,升.尾连QQ.Q4,宽连4,金升a↗.4蛀.Aa龙猪.初,2,2,2,1115,True
2019/9/12,1.16,1.16,5.73,a甲↗上2.B3,4蛀.Aa龙猪.初,升.尾连QQ.Q5,连5,金升a↗.4蛀.Aa龙猪.初,3,3,3,1116,True
2019/9/20,0.44,0.44,3.89,a甲↗上3.A4,0橅.Fa震正〇.初,升.尾连QQ.Q6,连6,金升a↗.0橅.Fa震正〇.初,4,4,4,1117,True
2019/9/27,-11.45,-11.45,9.96,b乙→中4.Y,5蛀.Be龙管根.初,(升)人.连后吞QV,,金升b→.5蛀.Be龙管根.初,-1,5,5,1118,True
2019/9/30,-0.3,-0.3,0.6,c丙↘下5.Z-2,5蛀.Fe震正根.破,跌.尾连VW.W2,,金升c↘.被3v,-2,-1,6,1119,True
2019/10/11,0.2,0.2,1.9,c丙↘下6.Z-3,5蛀.Fe震正根.破,(跌)人.连后吞WO,,金升c↘.被3v,-3,-2,7,1120,True
2019/10/18,12.75,12.75,19.32,b乙↗上7.I暂,4暂.Dd头正芽.再B,升.尾连OQ.Q2,高,金升b↗.4暂.Dd头正芽.再B,1,1,8,1121,True
2019/10/25,-7.33,-7.33,0.09,b乙↗上8.B2暂,4暂.Dd头正芽.再B,升.尾反孕Qv,,金升b↗.4暂.Dd头正芽.再B,2,2,9,1122,True
2019/11/1,-5.53,-5.53,5.53,c丙↘下9.Y暂,5暂.__Df头负._破,跌.尾连vW.W2,,嘘待c↘.逃4v,-1,-1,-1,1123,True
2019/11/8,0.2,0.2,2.12,z丁↘忑-1.Z-2暂,5暂.__Fa震正〇._破,跌.尾反孕Wo,,嘘待z↘,-2,-2,-2,1124,True
2019/11/15,-4.03,-4.03,0,z丁↘忑-2.Z-3暂,5暂.__Aa龙猪._初,跌.尾吞oV,,尿降z↘,-3,-3,-3,1125,True
2019/11/22,0.21,0.21,8.08,z丁↘忑-3.Z-4,9妩.__Aa龙猪._初,跌.尾反孕oVo,,尿降z↘,-4,-4,-4,1126,True
2019/11/29,-1.47,-1.47,4.71,z丁↘忑-4.Z-5,9妩.__Aa龙猪._初,跌.尾吞oV,,尿降z↘,-5,-5,-5,1127,True
2019/12/6,4.68,4.68,5.21,z丁↘忑-5.Z-6,8姖.__Aa龙猪._初,(跌)人.吞吞oVO,,尿降z↘,-6,-6,-6,1128,True
2019/12/13,8.32,8.32,10.86,r己↗忐-6.I,4蛀.Df头负.储,升.尾连OQ.Q2,,金升r↗.4蛀.Df头负.储.口1v,1,1,1,1129,True
2019/12/20,3.09,3.09,6.47,a甲↗上1.B2,4蛀.Dd头正芽.初,升.尾连QQ.Q3,连3,金升a↗.4蛀.Dd头正芽.初,2,2,2,1130,True
2019/12/27,-0.27,-0.27,8.55,a甲↗上2.B3,4蛀.Aa龙猪.初,升.尾反孕Qv,,金升a↗.4蛀.Aa龙猪.初,3,3,3,1131,True
2020/1/3,1.64,1.64,1.82,a甲↗上3.A4,0橅.Aa龙猪.初,升.尾吞vO,,金升a↗.0橅.Aa龙猪.初,4,4,4,1132,True
2020/1/10,0.9,0.9,8.7,a甲↗上4.A5,0橅.Aa龙猪.初,升.尾连OQ.Q2,,金升a↗.0橅.Aa龙猪.初,5,5,5,1133,True
2020/1/17,-0.89,-0.89,7.82,a甲↗上5.A6,0橅.Aa龙猪.主,升.尾反孕Qv,,金升a↗.0橅.Aa龙猪.主,6,6,6,1134,True
2020/1/23,-5.2,-5.2,1.26,b乙→中6.Y,5蛀.Be龙管根.主,跌.尾连vW.W2,,金升b→.5蛀.Be龙管根.主,-1,7,7,1135,True
2020/2/7,-10.6,-10.6,-9.93,c丙↘下7.Z-2,5蛀.__Df头负._破,跌.尾连WW.W3,,尿降c↘.逃4v,-2,-1,-1,1136,True
2020/2/14,1.8,1.8,4.97,z丁↘忑-1.Z-3,5蛀.__Aa龙猪._初,(跌)人.连后吞WO,,尿降z↘,-3,-2,-2,1137,True
2020/2/21,19.44,19.44,23.18,a甲↗上1.I暂,4暂.Dd头正芽.再D,升.尾连OQ.Q2,高,金升a↗.4暂.Dd头正芽.再D,1,1,1,1138,True
2020/2/28,-11.84,-11.84,5.57,z丁↘忑-1.Y暂,5暂.Ff震负.破,升.尾反孕Qv,,金升z↘.警3w,-1,-1,2,1139,True
2020/3/6,8.29,8.29,13.72,a甲↗上1.I暂,4暂.Aa龙猪.再D,(升)人.孕孕vo,,金升a↗.4暂.Aa龙猪.再D,1,1,3,1140,True
2020/3/13,-6.2,-6.2,1.46,c丙↘下2.Y暂,5暂.Fe震正根.破,跌.尾吞oV,,金升c↘.被3v,-1,-1,4,1141,True
2020/3/20,-4.57,-4.57,1.36,z丁↘忑-1.Z-2暂,5暂.__Fa震正〇._破,跌.尾连VW.W2,,尿降z↘,-2,-2,-1,1142,True
2020/3/27,1.53,1.53,5.19,z丁↘忑-2.Z-3暂,5暂.__Fa震正〇._初,跌.尾反孕Wo,,尿降z↘,-3,-3,-2,1143,True
2020/4/3,-3.11,-3.11,-0.4,z丁↘忑-3.Z-4,9妩.__Fa震正〇._初,(跌)人.孕孕ov,,尿降z↘,-4,-4,-3,1144,True
2020/4/10,2.8,2.8,10.14,z丁↘忑-4.Z-5,8姖.__Fa震正〇._初,升.尾吞vO,,尿降z↘,-5,-5,-4,1145,True
2020/4/17,-2.01,-2.01,0.2,z丁↘忑-5.Z-6,8姖.__Fa震正〇._初,(升)人.吞吞vOV,,尿降z↘,-6,-6,-5,1146,True
2020/4/24,-1.95,-1.95,1.75,z丁↘忑-6.Z-7,8姖.__Fa震正〇._初,跌.尾连VW.W2,,尿降z↘,-7,-7,-6,1147,True
2020/4/30,-3.46,-3.46,-0.52,z丁↘忑-7.Z-8,8姖.__Aa龙猪._主,跌.尾连WW.W3,,尿降z↘,-8,-8,-7,1148,True
2020/5/8,0.33,0.33,1.74,z丁↘忑-8.Z-9,9妩.__Aa龙猪._主,跌.尾反孕Wo,,尿降z↘,-9,-9,-8,1149,True
2020/5/15,4.22,4.22,19.05,z丁↘忑-9.Z-10,7姗.__Bd龙管杂._主,升.尾连oQ.Q2,,尿降z↘,-10,-10,-9,1150,True
2020/5/22,-3.84,-3.84,1.35,z丁↘忑-10.Z-11,7姗.__Fa震正〇._主,(升)人.连后吞QV,,尿降z↘,-11,-11,-10,1151,True
2020/5/29,1.73,1.73,5.4,z丁↘忑-11.Z-12,7姗.__Fa震正〇._主,(升)人.连后吞QVo,,屎降z↘,-12,-12,-11,1152,True
2020/6/12,3.4,3.4,9.98,y戊↘忠-12.I,4蛀.__Fe震正根._主,升.尾连oQ.Q2,,屎降y↘,1,-13,-12,1153,True
2020/6/19,-1.95,-1.95,0.92,y戊↘忠-13.B2,4蛀.__Fe震正根._主,(升)人.连后吞QV,,屎降y↘,2,-14,-13,1154,True
2020/6/24,-1.78,-1.78,0.84,y戊↘忑-14.Y暂,5暂.__Fa震正〇._主,跌.尾连VW.W2,,屎降y↘,-1,-15,-14,1155,True
2020/7/3,3.62,3.62,4.37,r己↗忐-15.I暂,4暂.__Fe震正根.储,(跌)人.连后吞WO,,屎降r↗.4暂.__Fe震正根.储.魅6v,1,1,-15,1156,True
2020/7/10,5.04,5.04,7.82,a甲↗上1.B2暂,4暂.Dd头正芽.储,升.尾连OQ.Q2,,银升a↗.4暂.Dd头正芽.储,2,2,1,1157,True
2020/7/17,-3.82,-3.82,3.23,a甲↗上2.B3暂,4暂.Dd头正芽.储,(升)人.连后吞QV,,唏待a↗.4暂.Dd头正芽.储,3,3,2,1158,True
2020/7/24,1.02,1.02,7.23,a甲↗上3.A4,1柜.Dd头正芽.储,(升)人.连后吞QVo,,银升a↗.1柜.Dd头正芽.储,4,4,3,1159,True
2020/7/31,3.63,3.63,7.56,a甲↗上4.A5,1柜.Aa龙猪.初,升.尾连oQ.Q2,,银升a↗.1柜.Aa龙猪.初,5,5,4,1160,True
2020/8/7,7.39,7.39,9.63,a甲↗上5.A6,1柜.Aa龙猪.初,升.尾连QQ.Q3,连3,金升a↗.1柜.Aa龙猪.初,6,6,5,1161,True
2020/8/14,-4.62,-4.62,11.78,a甲↗上6.A7,0橅.Aa龙猪.初,升.尾反孕Qv,,金升a↗.0橅.Aa龙猪.初,7,7,6,1162,True
2020/8/21,1.33,1.33,4.27,a甲↗上7.A8,0橅.Aa龙猪.初,(升)人.孕孕vo,,金升a↗.0橅.Aa龙猪.初,8,8,7,1163,True
2020/8/28,-1.22,-1.22,-0.84,a甲↗上8.A9,0橅.Aa龙猪.初,(人)人.孕孕vo,,金升a↗.0橅.Aa龙猪.初,9,9,8,1164,True
2020/9/4,-2.18,-2.18,2.56,b乙→中9.Y,5蛀.Fe震正根.主,跌.尾连vW.W2,,金升b→.5蛀.Fe震正根.主,-1,10,9,1165,True
2020/9/11,-3.1,-3.1,2.33,c丙↘下10.Z-2,5蛀.Fe震正根.破,跌.尾连WW.W3,,金升c↘.被3v,-2,-1,10,1166,True
2020/9/18,5.91,5.91,11.81,b乙↗上11.I暂,4暂.Dd头正芽.再B,(跌)人.连后吞WO,,金升b↗.4暂.Dd头正芽.再B,1,1,11,1167,True
2020/9/25,-3.5,-3.5,0.85,b乙→中12.Y暂,5暂.De头正根.再B,(跌)人.连后吞WOv,,金升b→.5暂.De头正根.再B,-1,2,12,1168,True
2020/9/30,0.69,0.69,9.21,b乙→中13.Z-2暂,5暂.De头正根.再B,(人)人.孕孕vo,,金升b→.5暂.De头正根.再B,-2,3,13,1169,True
2020/10/9,2.14,2.14,2.63,b乙↗上14.I暂,4暂.Dd头正芽.再B,升.尾连oQ.Q2,,金升b↗.4暂.Dd头正芽.再B,1,4,14,1170,True
2020/10/16,4.76,4.76,5.81,b乙↗上15.B2暂,4暂.Dd头正芽.再B,升.尾连QQ.Q3,连3,金升b↗.4暂.Dd头正芽.再B,2,5,15,1171,True
2020/10/23,0.55,0.55,3.73,b乙↗上16.B3暂,4暂.Aa龙猪.主,升.尾连QQ.Q4,连4,金升b↗.4暂.Aa龙猪.主,3,6,16,1172,True
2020/10/30,-0.72,-0.72,10.58,b乙↗上17.A4,1柜.Aa龙猪.主,(升)人.连后吞QV,,金升b↗.1柜.Aa龙猪.主,4,7,17,1173,True
2020/11/6,7.83,7.83,11.11,b乙↗上18.A5,1柜.Aa龙猪.主,(人)人.吞吞* VO,,金升b↗.1柜.Aa龙猪.主,5,8,18,1174,True
2020/11/13,-8.95,-8.95,1.52,b乙↗上19.A6,3桮.Bb龙管杂.主,(人)人.吞吞* OV,,金升b↗.3桮.Bb龙管杂.主,6,9,19,1175,True
2020/11/20,6.49,6.49,7.61,b乙↗上20.A7,3桮.Fa震正〇.主,(人)人.吞吞* OV,,金升b↗.3桮.Fa震正〇.主,7,10,20,1176,True
2020/11/27,2.53,2.53,4.27,b乙↗上21.A8,1柜.Fa震正〇.主,升.尾连oQ.Q2,,金升b↗.1柜.Fa震正〇.主,8,11,21,1177,True
2020/12/4,10.79,10.79,10.79,b乙↗上22.A9,1柜.Aa龙猪.主,升.尾连QQ.Q3,连3,金升b↗.1柜.Aa龙猪.主,9,12,22,1178,True
2020/12/11,-16.72,-16.72,6.29,b乙→中23.Y,5蛀.Be龙管根.主,(升)人.连后吞QV,,金升b→.5蛀.Be龙管根.主,-1,13,23,1179,True
2020/12/18,24.13,24.13,24.13,b乙↗上24.I暂,4暂.Aa龙猪.主,(升)人.连后吞QVo,高,金升b↗.4暂.Aa龙猪.主,1,14,24,1180,True
2020/12/25,-5.42,-5.42,8.23,b乙↗上25.B2暂,4暂.Aa龙猪.主,(人)人.孕孕vo,,金升b↗.4暂.Aa龙猪.主,2,15,25,1181,True
2020/12/31,28.47,28.47,46.43,b乙↗上26.B3暂,4暂.Aa龙猪.主,升.尾吞vO,宽高,金升b↗.4暂.Aa龙猪.主,3,16,26,1182,True
2021/1/8,-13.13,-13.13,8.3,b乙↗上27.A4,0橅.Aa龙猪.主,升.尾反孕vOv,宽,金升b↗.0橅.Aa龙猪.主,4,17,27,1183,True
2021/1/15,-14.2,-14.2,0.49,b乙→中28.Y,5蛀.Be龙管根.主,跌.尾连vW.W2,宽,金升b→.5蛀.Be龙管根.主,-1,18,28,1184,True
2021/1/22,6.8,6.8,9.5,b乙→中29.Z-2,5蛀.Fe震正根.主,跌.尾反孕Wo,宽,金升b→.5蛀.Fe震正根.主,-2,19,29,1185,True
2021/1/29,-14.42,-14.42,-1.53,c丙↘下30.Z-3,5蛀.__Df头负._破,跌.尾吞oV,,嘘待c↘.逃4v,-3,-1,-1,1186,True
2021/2/5,-7.53,-7.53,5.56,z丁↘忑-1.Z-4,9妩.__Aa龙猪._破,跌.尾连VW.W2,,尿降z↘,-4,-2,-2,1187,True
2021/2/10,1.94,1.94,3.88,z丁↘忑-2.Z-5,9妩.__Aa龙猪._初,跌.尾反孕Wo,,尿降z↘,-5,-3,-3,1188,True
2021/2/19,9.89,9.89,10.36,z丁↘忑-3.Z-6,7姗.__Bd龙管杂._初,升.尾连oQ.Q2,,嘘待z↘,-6,-4,-4,1189,True
2021/2/26,-4.76,-4.76,2.34,z丁↘忑-4.Z-7,7姗.__Bd龙管杂._初,升.尾反孕Qv,,嘘待z↘,-7,-5,-5,1190,True
2021/3/5,8.45,8.45,9.63,y戊↘忠-5.I,4蛀.Ff震负.再D,升.尾吞vO,,金升y↘.警3u,1,-6,1,1191,True
2021/3/12,-9.05,-9.05,0.75,y戊↘忑-6.Y暂,5暂.__Fa震正〇._初,(升)人.吞吞vOV,,嘘待y↘,-1,-7,-1,1192,True
2021/3/19,0.83,0.83,4.79,y戊↘忑-7.Z-2暂,5暂.__Fa震正〇._初,(升)人.吞吞vOVo,,尿降y↘,-2,-8,-2,1193,True
2021/3/26,0.73,0.73,1.92,y戊↘忑-8.Z-3暂,5暂.__Fa震正〇._初,升.尾连oQ.Q2,,嘘待y↘,-3,-9,-3,1194,True
2021/4/2,-7.07,-7.07,0.27,y戊↘忑-9.Z-4,7姗.__Fa震正〇._初,(升)人.连后吞QV,,尿降y↘,-4,-10,-4,1195,True
2021/4/9,-0.29,-0.29,2.05,y戊↘忑-10.Z-5,7姗.__Fa震正〇._初,跌.尾连VW.W2,,尿降y↘,-5,-11,-5,1196,True
2021/4/16,2.05,2.05,3.33,y戊↘忑-11.Z-6,7姗.__Bd龙管杂._初,(跌)人.连后吞WO,,尿降y↘,-6,-12,-6,1197,True
2021/4/23,8.25,8.25,21.09,y戊↘忠-12.I,4蛀.__Be龙管根._初,升.尾连OQ.Q2,,嘘待y↘,1,-13,-7,1198,True
2021/4/30,-1.24,-1.24,7.17,r己↗忐-13.B2,4蛀.__Fe震正根.储,升.尾反孕Qv,,嘘待r↗.4蛀.__Fe震正根.储.魅6v,2,1,-8,1199,True
2021/5/7,-6.73,-6.73,1.97,y戊↘忑-14.Y暂,5暂.__Fa震正〇._再B,跌.尾连vW.W2,,尿降y↘,-1,-1,-9,1200,True
2021/5/14,14.9,14.9,20.48,r己↗忐-15.I暂,4暂.Df头负.储,(跌)人.连后吞WO,高,金升r↗.4暂.Df头负.储.口1v,1,1,1,1201,True
2021/5/21,1.92,1.92,12.72,a甲↗上1.B2暂,4暂.Aa龙猪.初,升.尾连OQ.Q2,,金升a↗.4暂.Aa龙猪.初,2,2,2,1202,True
2021/5/28,0.82,0.82,4.35,a甲↗上2.B3暂,4暂.Aa龙猪.初,升.尾连QQ.Q3,连3,金升a↗.4暂.Aa龙猪.初,3,3,3,1203,True
2021/6/4,0.49,0.49,11.97,a甲↗上3.A4,0橅.Aa龙猪.初,升.尾连QQ.Q4,连4,金升a↗.0橅.Aa龙猪.初,4,4,4,1204,True
2021/6/11,0.16,0.16,2.84,a甲↗上4.A5,0橅.Aa龙猪.初,升.尾连QQ.Q5,连5,金升a↗.0橅.Aa龙猪.初,5,5,5,1205,True
2021/6/18,12.14,12.14,14,a甲↗上5.A6,0橅.Aa龙猪.初,升.尾连QQ.Q6,连6,金升a↗.0橅.Aa龙猪.初,6,6,6,1206,True
2021/6/25,-0.72,-0.72,5.92,a甲↗上6.A7,0橅.Aa龙猪.主,升.尾反孕Qv,,金升a↗.0橅.Aa龙猪.主,7,7,7,1207,True
2021/7/2,2.69,2.69,6.54,a甲↗上7.A8,0橅.Aa龙猪.主,升.尾吞vO,,金升a↗.0橅.Aa龙猪.主,8,8,8,1208,True
2021/7/9,-0.07,-0.07,3.68,a甲↗上8.A9,0橅.Aa龙猪.主,升.尾反孕vOv,,金升a↗.0橅.Aa龙猪.主,9,9,9,1209,True
2021/7/16,6.52,6.52,8.64,a甲↗上9.A10,0橅.Aa龙猪.主,升.尾吞vO,,金升a↗.0橅.Aa龙猪.主,10,10,10,1210,True
2021/7/23,0.86,0.86,5.59,a甲↗上10.A11,0橅.Aa龙猪.主,升.尾连OQ.Q2,,金升a↗.0橅.Aa龙猪.主,11,11,11,1211,True
2021/7/30,-10.48,-10.48,1.19,b乙→中11.Y,5蛀.Be龙管根.主,(升)人.连后吞QV,,金升b→.5蛀.Be龙管根.主,-1,12,12,1212,True
2021/8/6,9.28,9.28,13.4,b乙↗上12.I暂,4暂.Aa龙猪.主,(升)人.连后吞QVo,,金升b↗.4暂.Aa龙猪.主,1,13,13,1213,True
2021/8/13,-2.02,-2.02,3.91,b乙↗上13.B2暂,4暂.Fd震正芽.主,(人)人.孕孕vo,,金升b↗.4暂.Fd震正芽.主,2,14,14,1214,True
2021/8/20,-10.52,-10.52,0.62,c丙↘下14.Y暂,5暂.Fe震正根.破,跌.尾连vW.W2,,金升c↘.被3v,-1,-1,15,1215,True
2021/8/27,1.31,1.31,3.54,c丙↘下15.Z-2暂,5暂.Fe震正根.破,跌.尾反孕Wo,,金升c↘.被3v,-2,-2,16,1216,True
2021/9/3,-5.31,-5.31,-0.3,z丁↘忑-1.Z-3暂,5暂.__Aa龙猪._破,跌.尾吞oV,,嘘待z↘,-3,-3,-1,1217,True
2021/9/10,4.89,4.89,9.13,z丁↘忑-2.Z-4,9妩.Ff震负.破,跌.尾反孕oVo,,金升z↘.警3w,-4,-4,1,1218,True
2021/9/17,-4.97,-4.97,-0.69,z丁↘忑-3.Z-5,9妩.__Aa龙猪._破,跌.尾吞oV,,嘘待z↘,-5,-5,-1,1219,True
2021/9/24,-2.33,-2.33,1.05,z丁↘忑-4.Z-6,9妩.__Fa震正〇._初,跌.尾连VW.W2,,嘘待z↘,-6,-6,-2,1220,True
2021/9/30,-8.64,-8.64,1.32,z丁↘忑-5.Z-7,9妩.__Aa龙猪._初,跌.尾连WW.W3,,尿降z↘,-7,-7,-3,1221,True
2021/10/8,3.69,3.69,4.32,z丁↘忑-6.Z-8,9妩.__Aa龙猪._初,跌.尾反孕Wo,,尿降z↘,-8,-8,-4,1222,True
2021/10/15,-1.04,-1.04,0.87,z丁↘忑-7.Z-9,9妩.__Aa龙猪._初,(跌)人.孕孕ov,,尿降z↘,-9,-9,-5,1223,True
2021/10/22,-1.05,-1.05,4.13,z丁↘忑-8.Z-10,9妩.__Fa震正〇._初,跌.尾连vW.W2,,尿降z↘,-10,-10,-6,1224,True
2021/10/29,-3.82,-3.82,2.57,z丁↘忑-9.Z-11,9妩.__Aa龙猪._初,跌.尾连WW.W3,,尿降z↘,-11,-11,-7,1225,True
2021/11/5,7.93,7.93,10.89,y戊↘忠-10.I,4蛀.__Be龙管根._初,(跌)人.连后吞WO,,尿降y↘,1,-12,-8,1226,True
2021/11/12,3.25,3.25,3.76,y戊↘忠-11.B2,4蛀.__Be龙管根._主,升.尾连OQ.Q2,,尿降y↘,2,-13,-9,1227,True
2021/11/19,2.98,2.98,3.81,r己↗忐-12.B3,4蛀.__Fe震正根.储,升.尾连QQ.Q3,,嘘待r↗.4蛀.__Fe震正根.储.魅6v,3,1,-10,1228,True
2021/11/26,-1.45,-1.45,1.45,r己↗忐-13.A4,0橅.__Fe震正根.储,升.尾反孕Qv,,嘘待r↗.0橅.__Fe震正根.储.魅6v,4,2,-11,1229,True
2021/12/3,3.18,3.18,6.04,a甲↗上1.A5,0橅.Aa龙猪.储,升.尾吞vO,,金升a↗.0橅.Aa龙猪.储,5,3,1,1230,True
2021/12/10,5.22,5.22,7.83,a甲↗上2.A6,0橅.Aa龙猪.初,升.尾连OQ.Q2,,金升a↗.0橅.Aa龙猪.初,6,4,2,1231,True
2021/12/17,-5.56,-5.56,2.4,a甲↗上3.A7,1柜.Aa龙猪.初,(升)人.连后吞QV,,金升a↗.1柜.Aa龙猪.初,7,5,3,1232,True
2021/12/24,-0.56,-0.56,5.97,a甲↗上4.A8,2栅.Bc龙管栅.初,跌.尾连VW.W2,,金升a↗.2栅.Bc龙管栅.初,8,6,4,1233,True
2021/12/31,1.68,1.68,4.96,a甲↗上5.A9,2栅.Fa震正〇.初,(跌)人.连后吞WO,,金升a↗.2栅.Fa震正〇.初,9,7,5,1234,True
2022/1/7,-3.46,-3.46,1.73,c丙↘下6.Y,5蛀.__Df头负._破,(跌)人.连后吞WOv,,嘘待c↘.逃4v,-1,-1,-1,1235,True
2022/1/14,-3.02,-3.02,2.36,c丙↘下7.Z-2,5蛀.__Df头负._再D,跌.尾连vW.W2,,尿降c↘.逃5I,-2,-2,-2,1236,True
2022/1/21,-2.77,-2.77,3.78,z丁↘忑-1.Z-3,5蛀.__Aa龙猪._初,跌.尾连WW.W3,,尿降z↘,-3,-3,-3,1237,True
2022/1/28,-4.15,-4.15,1.21,z丁↘忑-2.Z-4,9妩.__Aa龙猪._初,跌.尾连WW.W4,,尿降z↘,-4,-4,-4,1238,True
2022/2/11,0.63,0.63,4.33,z丁↘忑-3.Z-5,9妩.__Aa龙猪._初,跌.尾反孕Wo,,尿降z↘,-5,-5,-5,1239,True
2022/2/18,1.61,1.61,6.18,z丁↘忑-4.Z-6,7姗.__Bd龙管杂._再D,升.尾连oQ.Q2,,尿降z↘,-6,-6,-6,1240,True
2022/2/25,-0.88,-0.88,1.68,z丁↘忑-5.Z-7,7姗.__Fa震正〇._主,升.尾反孕Qv,,尿降z↘,-7,-7,-7,1241,True
2022/3/4,-0.09,-0.09,4.63,z丁↘忑-6.Z-8,7姗.__Fa震正〇._主,跌.尾连vW.W2,,尿降z↘,-8,-8,-8,1242,True
2022/3/11,-4.99,-4.99,0.09,z丁↘忑-7.Z-9,7姗.__Bd龙管杂._主,跌.尾连WW.W3,,屎降z↘,-9,-9,-9,1243,True
2022/3/18,-2.91,-2.91,1.31,z丁↘忑-8.Z-10,9妩.__Aa龙猪._主,跌.尾连WW.W4,,屎降z↘,-10,-10,-10,1244,True
2022/3/25,1.45,1.45,2.9,z丁↘忑-9.Z-11,9妩.__Aa龙猪._主,跌.尾反孕Wo,,屎降z↘,-11,-11,-11,1245,True
2022/4/1,1.52,1.52,3.9,z丁↘忑-10.Z-12,7姗.__Bd龙管杂._主,升.尾连oQ.Q2,,屎降z↘,-12,-12,-12,1246,True
2022/4/8,-3.37,-3.37,1.78,z丁↘忑-11.Z-13,7姗.__Fa震正〇._主,(升)人.连后吞QV,,屎降z↘,-13,-13,-13,1247,True
2022/4/15,-0.97,-0.97,1.07,z丁↘忑-12.Z-14,7姗.__Fa震正〇._主,跌.尾连VW.W2,,屎降z↘,-14,-14,-14,1248,True
2022/4/22,-4.8,-4.8,7.35,z丁↘忑-13.Z-15,7姗.__Bd龙管杂._主,跌.尾连WW.W3,,屎降z↘,-15,-15,-15,1249,True
2022/4/29,-5.76,-5.76,-1.03,z丁↘忑-14.Z-16,9妩.__Aa龙猪._主,跌.尾连WW.W4,,屎降z↘,-16,-16,-16,1250,True
2022/5/6,-1.09,-1.09,2.73,z丁↘忑-15.Z-17,9妩.__Aa龙猪._主,跌.尾连WW.W5,,屎降z↘,-17,-17,-17,1251,True
2022/5/13,5.85,5.85,5.85,z丁↘忑-16.Z-18,8姖.__Aa龙猪._主,(跌)人.连后吞WO,,屎降z↘,-18,-18,-18,1252,True
2022/5/20,3.34,3.34,5.01,y戊↘忠-17.I,4蛀.__Fe震正根._主,升.尾连OQ.Q2,,屎降y↘,1,-19,-19,1253,True
2022/5/27,33.8,33.8,33.8,a甲↗上1.B2,4蛀.Aa龙猪.储,升.尾连QQ.Q3,宽高连3,银升a↗.4蛀.Aa龙猪.储,2,1,1,1254,True
2022/6/2,18.48,18.48,22.78,a甲↗上2.B3,4蛀.Aa龙猪.初,升.尾连QQ.Q4,宽高连4,银升a↗.4蛀.Aa龙猪.初,3,2,2,1255,True
2022/6/10,-20.94,-20.94,0.13,a甲↗上3.A4,1柜.Aa龙猪.初,(升)人.连后吞QV,宽,银升a↗.1柜.Aa龙猪.初,4,3,3,1256,True
2022/6/17,-3.78,-3.78,2.25,a甲↗上4.A5,2栅.Bc龙管栅.初,跌.尾连VW.W2,宽,银升a↗.2栅.Bc龙管栅.初,5,4,4,1257,True
2022/6/24,3.6,3.6,3.93,a甲↗上5.A6,2栅.Fa震正〇.初,(跌)人.连后吞WO,宽,银升a↗.2栅.Fa震正〇.初,6,5,5,1258,True
2022/7/1,-6.38,-6.38,4.52,b乙→中6.Y,5蛀.Fe震正根.初,(人)人.吞吞* OV,宽,银升b→.5蛀.Fe震正根.初,-1,6,6,1259,True
2022/7/8,-1.64,-1.64,1.04,c丙↘下7.Z-2,5蛀.Fe震正根.破,跌.尾连VW.W2,宽,唏待c↘.被3v,-2,-1,7,1260,True
2022/7/15,-5.26,-5.26,0.35,c丙↘下8.Z-3,5蛀.__Df头负._破,跌.尾连WW.W3,,屎降c↘.逃4v,-3,-2,-1,1261,True
2022/7/22,5.28,5.28,8.15,z丁↘忑-1.Z-4,8姖.__Fa震正〇._破,(跌)人.连后吞WO,,屎降z↘,-4,-3,-2,1262,True
2022/7/29,7.74,7.74,8,a甲↗上1.I,4蛀.Dd头正芽.再D,升.尾连OQ.Q2,,银升a↗.4蛀.Dd头正芽.再D,1,1,1,1263,True
2022/8/5,-8.49,-8.49,2.53,c丙↘下2.Y暂,5暂.__Df头负._破,(升)人.连后吞QV,,屎降c↘.逃4v,-1,-1,-1,1264,True
2022/8/12,0.45,0.45,5.08,z丁↘忑-1.Z-2暂,5暂.__Fa震正〇._破,(升)人.连后吞QVo,,屎降z↘,-2,-2,-2,1265,True
2022/8/19,-2.04,-2.04,1.69,z丁↘忑-2.Z-3暂,5暂.__Fa震正〇._初,跌.尾吞oV,,屎降z↘,-3,-3,-3,1266,True
2022/8/26,-3.63,-3.63,0.91,z丁↘忑-3.Z-4,9妩.__Aa龙猪._初,跌.尾连VW.W2,,屎降z↘,-4,-4,-4,1267,True
2022/9/2,-1.88,-1.88,3.1,z丁↘忑-4.Z-5,9妩.__Aa龙猪._初,跌.尾连WW.W3,,屎降z↘,-5,-5,-5,1268,True
2022/9/9,1.25,1.25,3.07,z丁↘忑-5.Z-6,8姖.__Aa龙猪._初,(跌)人.连后吞WO,,屎降z↘,-6,-6,-6,1269,True
2022/9/16,-5.49,-5.49,1.23,z丁↘忑-6.Z-7,8姖.__Aa龙猪._初,(人)人.吞吞* OV,,屎降z↘,-7,-7,-7,1270,True
2022/9/23,-1.6,-1.6,2.3,z丁↘忑-7.Z-8,8姖.__Aa龙猪._主,跌.尾连VW.W2,,屎降z↘,-8,-8,-8,1271,True
2022/9/30,-5.3,-5.3,-0.41,z丁↘忑-8.Z-9,8姖.__Aa龙猪._主,跌.尾连WW.W3,,屎降z↘,-9,-9,-9,1272,True
2022/10/14,4.52,4.52,4.84,z丁↘忑-9.Z-10,8姖.__Aa龙猪._主,(跌)人.连后吞WO,,屎降z↘,-10,-10,-10,1273,True
2022/10/21,-1.03,-1.03,1.85,z丁↘忑-10.Z-11,8姖.__Aa龙猪._主,(跌)人.连后吞WOv,,屎降z↘,-11,-11,-11,1274,True
2022/10/28,-2.7,-2.7,2.6,z丁↘忑-11.Z-12,8姖.__Aa龙猪._主,跌.尾连vW.W2,,屎降z↘,-12,-12,-12,1275,True
2022/11/4,7.26,7.26,7.37,y戊↘忠-12.I,4蛀.__Fe震正根._主,(跌)人.连后吞WO,,屎降y↘,1,-13,-13,1276,True
2022/11/11,-2.19,-2.19,0.3,y戊↘忠-13.B2,4蛀.__Fe震正根._主,(跌)人.连后吞WOv,,屎降y↘,2,-14,-14,1277,True
2022/11/18,0.31,0.31,2.34,y戊↘忠-14.B3,4蛀.__Fe震正根._主,(人)人.孕孕vo,,屎降y↘,3,-15,-15,1278,True
2022/11/25,6.4,6.4,10.96,r己↗忐-15.A4,0橅.__Fe震正根.储,升.尾连oQ.Q2,,屎降r↗.0橅.__Fe震正根.储.魅6v,4,1,-16,1279,True
2022/12/2,1.91,1.91,10.11,r己↗忐-16.A5,0橅.Df头负.储,升.尾连QQ.Q3,连3,唏待r↗.0橅.Df头负.储.口1v,5,2,1,1280,True
2022/12/9,-0.84,-0.84,5.62,a甲↗上1.A6,0橅.Aa龙猪.储,升.尾反孕Qv,,唏待a↗.0橅.Aa龙猪.储,6,3,2,1281,True
2022/12/16,-4.06,-4.06,0.76,a甲↗上2.A7,2栅.__Ff震负.储,跌.尾连vW.W2,,屎降a↗.2栅.__Ff震负.储.魅6w,7,4,-1,1282,True
2022/12/23,-4.53,-4.53,1.67,z丁↘忑-1.Y,5蛀.__Fa震正〇._再C,跌.尾连WW.W3,,屎降z↘,-1,-1,-2,1283,True
2022/12/30,0.1,0.1,2.89,z丁↘忑-2.Z-2,5蛀.__Fa震正〇._再C,跌.尾反孕Wo,,屎降z↘,-2,-2,-3,1284,True
2023/1/6,2.78,2.78,3.91,z丁↘忑-3.Z-3,5蛀.__Fa震正〇._再C,升.尾连oQ.Q2,,屎降z↘,-3,-3,-4,1285,True
2023/1/13,-0.3,-0.3,2.51,z丁↘忑-4.Z-4,7姗.__Fa震正〇._再C,升.尾反孕Qv,,屎降z↘,-4,-4,-5,1286,True
2023/1/20,2.31,2.31,2.51,r己↗忐-5.I,4蛀.__Fe震正根.储,升.尾吞vO,,屎降r↗.4蛀.__Fe震正根.储.魅6v,1,1,-6,1287,True
2023/2/3,2.36,2.36,3.83,a甲↗上1.B2,4蛀.__Ff震负.储,升.尾连OQ.Q2,,屎降a↗.4蛀.__Ff震负.储.魅6w,2,2,-7,1288,True
2023/2/10,1.82,1.82,2.78,a甲↗上2.B3,4蛀.Dd头正芽.储,升.尾连QQ.Q3,连3,唏待a↗.4蛀.Dd头正芽.储,3,3,1,1289,True
2023/2/17,-1.6,-1.6,1.7,a甲↗上3.A4,0橅.Dd头正芽.储,升.尾反孕Qv,,唏待a↗.0橅.Dd头正芽.储,4,4,2,1290,True
2023/2/24,0.96,0.96,2.59,a甲↗上4.A5,0橅.Dd头正芽.初,(升)人.孕孕vo,,唏待a↗.0橅.Dd头正芽.初,5,5,3,1291,True
2023/3/3,-0.76,-0.76,0.47,a甲↗上5.A6,1柜.Dd头正芽.初,跌.尾吞oV,,唏待a↗.1柜.Dd头正芽.初,6,6,4,1292,True
2023/3/10,-1.82,-1.82,10.71,b乙→中6.Y,5蛀.__Ff震负._再D,跌.尾连VW.W2,,屎降b→.5蛀.__Ff震负._再D.魅6u,-1,7,-1,1293,True
2023/3/17,-3.31,-3.31,-0.49,c丙↘下7.Z-2,5蛀.__Df头负._再D,跌.尾连WW.W3,,屎降c↘.逃5I,-2,-1,-2,1294,True
2023/3/24,4.33,4.33,8.66,c丙↘下8.Z-3,5蛀.__Df头负._再D,(跌)人.连后吞WO,,屎降c↘.逃5I,-3,-2,-3,1295,True
2023/3/31,1.25,1.25,1.35,b乙↗上9.I暂,4暂.Dd头正芽.储,升.尾连OQ.Q2,,唏待b↗.4暂.Dd头正芽.储,1,1,1,1296,True
2023/4/7,-0.19,-0.19,2,b乙↗上10.B2暂,4暂.Dd头正芽.初,升.尾反孕Qv,,唏待b↗.4暂.Dd头正芽.初,2,2,2,1297,True
2023/4/14,-3.15,-3.15,0.76,c丙↘下11.Y暂,5暂.__Df头负._再D,跌.尾连vW.W2,,屎降c↘.逃5I,-1,-1,-1,1298,True
2023/4/21,0.99,0.99,3.45,c丙↘下12.Z-2暂,5暂.__Df头负._再D,跌.尾反孕Wo,,屎降c↘.逃5I,-2,-2,-2,1299,True
2023/4/28,1.17,1.17,2.54,b乙↗上13.I暂,4暂.__Ff震负.储,升.尾连oQ.Q2,,屎降b↗.4暂.__Ff震负.储.魅6w,1,1,-3,1300,True
2023/5/5,1.06,1.06,1.06,b乙↗上14.B2暂,4暂.Dd头正芽.初,升.尾连QQ.Q3,连3,唏待b↗.4暂.Dd头正芽.初,2,2,1,1301,True
2023/5/12,1.72,1.72,3.06,b乙↗上15.B3暂,4暂.Dd头正芽.初,升.尾连QQ.Q4,连4,唏待b↗.4暂.Dd头正芽.初,3,3,2,1302,True
2023/5/19,-0.56,-0.56,1.31,b乙↗上16.A4,0橅.Aa龙猪.初,升.尾反孕Qv,,唏待b↗.0橅.Aa龙猪.初,4,4,3,1303,True
2023/5/26,2.55,2.55,3.97,b乙↗上17.A5,0橅.Aa龙猪.初,升.尾吞vO,,银升b↗.0橅.Aa龙猪.初,5,5,4,1304,True
2023/6/2,0.09,0.09,2.49,b乙↗上18.A6,0橅.Aa龙猪.初,升.尾连OQ.Q2,,银升b↗.0橅.Aa龙猪.初,6,6,5,1305,True
2023/6/9,2.67,2.67,3.68,b乙↗上19.A7,0橅.Aa龙猪.主,升.尾连QQ.Q3,连3,银升b↗.0橅.Aa龙猪.主,7,7,6,1306,True
2023/6/16,1.52,1.52,6.63,b乙↗上20.A8,0橅.Aa龙猪.主,升.尾连QQ.Q4,连4,银升b↗.0橅.Aa龙猪.主,8,8,7,1307,True
2023/6/21,2.29,2.29,5.38,b乙↗上21.A9,0橅.Aa龙猪.主,升.尾连QQ.Q5,连5,银升b↗.0橅.Aa龙猪.主,9,9,8,1308,True
2023/6/30,22.86,22.86,22.86,b乙↗上22.A10,0橅.Aa龙猪.主,升.尾连QQ.Q6,高连6,金升b↗.0橅.Aa龙猪.主,10,10,9,1309,True
2023/7/7,-15.03,-15.03,9.97,b乙↗上23.A11,0橅.Aa龙猪.主,升.尾反孕Qv,宽,金升b↗.0橅.Aa龙猪.主,11,11,10,1310,True
2023/7/14,-1.49,-1.49,1.65,b乙↗上24.A12,2栅.Bc龙管栅.主,跌.尾连vW.W2,宽,金升b↗.2栅.Bc龙管栅.主,12,12,11,1311,True
2023/7/21,-4.53,-4.53,0,b乙→中25.Y,5蛀.Be龙管根.主,跌.尾连WW.W3,宽,金升b→.5蛀.Be龙管根.主,-1,13,12,1312,True
2023/7/28,-1.85,-1.85,2.64,c丙↘下26.Z-2,5蛀.Fe震正根.破,跌.尾连WW.W4,宽,金升c↘.被3v,-2,-1,13,1313,True
2023/8/1,-1.25,-1.25,0.81,c丙↘下27.Z-3,5蛀.Fe震正根.破,跌.尾连WW.W5,宽,金升c↘.被3v,-3,-2,14,1314,True
2023/8/11,-5.71,-5.71,1.27,z丁↘忑-1.Z-4,9妩.__Aa龙猪._破,跌.尾连WW.W6,,尿降z↘,-4,-3,-1,1315,True
2023/8/18,-0.19,-0.19,2.31,z丁↘忑-2.Z-5,9妩.__Aa龙猪._初,跌.尾连WW.W7,,尿降z↘,-5,-4,-2,1316,True
2023/8/25,-2.89,-2.89,1.73,z丁↘忑-3.Z-6,9妩.__Aa龙猪._初,跌.尾连WW.W8,,尿降z↘,-6,-5,-3,1317,True
2023/9/1,6.25,6.25,6.25,z丁↘忑-4.Z-7,8姖.__Aa龙猪._初,(跌)人.连后吞WO,,尿降z↘,-7,-6,-4,1318,True
2023/9/8,1.12,1.12,4.39,y戊↘忠-5.I,4蛀.__Be龙管根._初,升.尾连OQ.Q2,,尿降y↘,1,-7,-5,1319,True
2023/9/15,0.65,0.65,3.88,y戊↘忠-6.B2,4蛀.__Fe震正根._初,升.尾连QQ.Q3,,尿降y↘,2,-8,-6,1320,True
2023/9/22,-0.64,-0.64,2.48,y戊↘忠-7.B3,4蛀.__Fe震正根._初,升.尾反孕Qv,,尿降y↘,3,-9,-7,1321,True
2023/9/28,0.74,0.74,1.11,y戊↘忠-8.A4,0橅.__Fe震正根._初,升.尾吞vO,,嘘待y↘,4,-10,-8,1322,True
2023/10/13,2.29,2.29,3.57,r己↗忐-9.A5,0橅.Df头负.再D,升.尾连OQ.Q2,,金升r↗.0橅.Df头负.再D.口2i,5,1,1,1323,True
2023/10/20,-3.67,-3.67,2.51,y戊↘忑-10.Y,5蛀.__Fa震正〇._初,(升)人.连后吞QV,,尿降y↘,-1,-1,-1,1324,True
2023/10/27,7.72,7.72,9.02,a甲↗上1.I暂,4暂.Aa龙猪.再D,(人)人.吞吞* VO,,金升a↗.4暂.Aa龙猪.再D,1,1,1,1325,True
2023/11/3,1.73,1.73,4.92,a甲↗上2.B2暂,4暂.Aa龙猪.再D,升.尾连OQ.Q2,,金升a↗.4暂.Aa龙猪.再D,2,2,2,1326,True
2023/11/10,-2.04,-2.04,1.53,a甲↗上3.B3暂,4暂.Aa龙猪.再D,升.尾反孕Qv,,金升a↗.4暂.Aa龙猪.再D,3,3,3,1327,True
2023/11/17,4.77,4.77,4.85,a甲↗上4.A4,0橅.Aa龙猪.再D,升.尾吞vO,,金升a↗.0橅.Aa龙猪.再D,4,4,4,1328,True
2023/11/24,-3.06,-3.06,2.48,a甲↗上5.A5,0橅.Aa龙猪.主,升.尾反孕vOv,,金升a↗.0橅.Aa龙猪.主,5,5,5,1329,True
2023/12/1,6.31,6.31,16.55,a甲↗上6.A6,0橅.Aa龙猪.主,升.尾吞vO,高,金升a↗.0橅.Aa龙猪.主,6,6,6,1330,True
2023/12/8,-10.51,-10.51,2.57,b乙→中7.Y,5蛀.Be龙管根.主,(升)人.吞吞vOV,,金升b→.5蛀.Be龙管根.主,-1,7,7,1331,True
2023/12/15,1.61,1.61,7.17,c丙↘下8.Z-2,5蛀.Fe震正根.破,(升)人.吞吞vOVo,,金升c↘.被3v,-2,-1,8,1332,True
2023/12/22,-3.8,-3.8,1.24,c丙↘下9.Z-3,5蛀.__Df头负._破,跌.尾吞oV,,嘘待c↘.逃4v,-3,-2,-1,1333,True
2023/12/29,1.74,1.74,2.48,z丁↘忑-1.Z-4,9妩.__Fa震正〇._破,跌.尾反孕oVo,,嘘待z↘,-4,-3,-2,1334,True
2024/1/5,-4.96,-4.96,1.26,z丁↘忑-2.Z-5,9妩.__Aa龙猪._初,跌.尾吞oV,,尿降z↘,-5,-4,-3,1335,True
2024/1/12,-1.71,-1.71,0.47,z丁↘忑-3.Z-6,9妩.__Aa龙猪._初,跌.尾连VW.W2,,尿降z↘,-6,-5,-4,1336,True
2024/1/19,-5.5,-5.5,1.06,z丁↘忑-4.Z-7,9妩.__Aa龙猪._初,跌.尾连WW.W3,,尿降z↘,-7,-6,-5,1337,True
2024/1/26,4.6,4.6,8.38,z丁↘忑-5.Z-8,9妩.__Aa龙猪._初,跌.尾反孕Wo,,尿降z↘,-8,-7,-6,1338,True
2024/2/2,-20.21,-20.21,0.78,z丁↘忑-6.Z-9,9妩.__Aa龙猪._初,跌.尾吞oV,,屎降z↘,-9,-8,-7,1339,True
2024/2/8,0,0,0,z丁↘忑-7.Z-10,9妩.__Aa龙猪._初,跌.尾反孕oVo,,屎降z↘,-10,-9,-8,1340,True
2024/2/23,12.48,12.48,13.59,z丁↘忑-8.Z-11,7姗.__Bd龙管杂._主,升.尾连oQ.Q2,,屎降z↘,-11,-10,-9,1341,True
2024/3/1,3.16,3.16,7.73,y戊↘忠-9.I,4蛀.__Be龙管根._主,升.尾连QQ.Q3,,屎降y↘,1,-11,-10,1342,True
2024/3/8,0.63,0.63,9.92,y戊↘忠-10.B2,4蛀.__Fe震正根._主,升.尾连QQ.Q4,,屎降y↘,2,-12,-11,1343,True
2024/3/15,6.29,6.29,7.44,r己↗忐-11.B3,4蛀.__Fe震正根.储,升.尾连QQ.Q5,,屎降r↗.4蛀.__Fe震正根.储.魅6v,3,1,-12,1344,True
2024/3/22,8.58,8.58,18.34,r己↗忐-12.A4,0橅.Df头负.储,升.尾连QQ.Q6,宽高连6,银升r↗.0橅.Df头负.储.口1v,4,2,1,1345,True
2024/3/29,-5.81,-5.81,2.27,a甲↗上1.A5,0橅.Aa龙猪.储,升.尾反孕Qv,,唏待a↗.0橅.Aa龙猪.储,5,3,2,1346,True
2024/4/3,-0.68,-0.68,8.58,a甲↗上2.A6,2栅.__Ff震负.储,跌.尾连vW.W2,,屎降a↗.2栅.__Ff震负.储.魅6w,6,4,-1,1347,True
2024/4/12,-3.4,-3.4,1.17,c丙↘下3.Y,5蛀.__Df头负._再C,跌.尾连WW.W3,,屎降c↘.逃5I,-1,-1,-2,1348,True
2024/4/19,-1.91,-1.91,2.11,z丁↘忑-1.Z-2,5蛀.__Fa震正〇._再C,跌.尾连WW.W4,,屎降z↘,-2,-2,-3,1349,True
2024/4/26,2.56,2.56,7.07,z丁↘忑-2.Z-3,5蛀.__Fa震正〇._再C,(跌)人.连后吞WO,,屎降z↘,-3,-3,-4,1350,True
2024/4/30,-0.4,-0.4,1.8,z丁↘忑-3.Z-4,8姖.__Fa震正〇._再C,(跌)人.连后吞WOv,,屎降z↘,-4,-4,-5,1351,True
2024/5/10,-2.31,-2.31,3.41,z丁↘忑-4.Z-5,8姖.__Fa震正〇._再C,跌.尾连vW.W2,,屎降z↘,-5,-5,-6,1352,True
2024/5/17,-2.05,-2.05,-0.1,z丁↘忑-5.Z-6,8姖.__Fa震正〇._主,跌.尾连WW.W3,,屎降z↘,-6,-6,-7,1353,True
2024/5/24,-3.77,-3.77,0.84,z丁↘忑-6.Z-7,9妩.__Fa震正〇._主,跌.尾连WW.W4,,屎降z↘,-7,-7,-8,1354,True
2024/5/31,1.42,1.42,1.85,z丁↘忑-7.Z-8,9妩.__Fa震正〇._主,跌.尾反孕Wo,,屎降z↘,-8,-8,-9,1355,True
2024/6/7,-5.16,-5.16,0.86,z丁↘忑-8.Z-9,9妩.__Aa龙猪._主,跌.尾吞oV,,屎降z↘,-9,-9,-10,1356,True
2024/6/14,-1.13,-1.13,1.13,z丁↘忑-9.Z-10,9妩.__Aa龙猪._主,跌.尾连VW.W2,,屎降z↘,-10,-10,-11,1357,True
2024/6/21,1.15,1.15,3.09,z丁↘忑-10.Z-11,8姖.__Aa龙猪._主,(跌)人.连后吞WO,,屎降z↘,-11,-11,-12,1358,True
2024/6/28,-2.15,-2.15,0,z丁↘忑-11.Z-12,8姖.__Aa龙猪._主,(跌)人.连后吞WOv,,屎降z↘,-12,-12,-13,1359,True
2024/7/5,-3.94,-3.94,0.93,z丁↘忑-12.Z-13,8姖.__Aa龙猪._主,跌.尾连vW.W2,,屎降z↘,-13,-13,-14,1360,True
2024/7/12,6.02,6.02,6.63,z丁↘忑-13.Z-14,6娝.__Bc龙管栅._主,(跌)人.连后吞WO,,屎降z↘,-14,-14,-15,1361,True
2024/7/19,-5.23,-5.23,1.25,z丁↘忑-14.Z-15,8姖.__Aa龙猪._主,(跌)人.连后吞WOv,,屎降z↘,-15,-15,-16,1362,True
2024/7/26,3.6,3.6,4.8,z丁↘忑-15.Z-16,8姖.__Aa龙猪._主,(人)人.孕孕vo,,屎降z↘,-16,-16,-17,1363,True
2024/8/2,3.59,3.59,6.13,y戊↘忠-16.I,4蛀.__Fe震正根._主,升.尾连oQ.Q2,,屎降y↘,1,-17,-18,1364,True
2024/8/9,-5.47,-5.47,0.56,y戊↘忑-17.Y暂,5暂.__Fa震正〇._主,(升)人.连后吞QV,,屎降y↘,-1,-18,-19,1365,True
2024/8/16,1.42,1.42,3.66,y戊↘忑-18.Z-2暂,5暂.__Fa震正〇._主,(升)人.连后吞QVo,,屎降y↘,-2,-19,-20,1366,True
2024/8/23,-5.59,-5.59,0.12,y戊↘忑-19.Z-3暂,5暂.__Fa震正〇._主,跌.尾吞oV,,屎降y↘,-3,-20,-21,1367,True
2024/8/30,2.1,2.1,3.09,y戊↘忑-20.Z-4,9妩.__Aa龙猪._主,跌.尾反孕oVo,,屎降y↘,-4,-21,-22,1368,True
2024/9/6,-0.36,-0.36,1.45,y戊↘忑-21.Z-5,9妩.__Aa龙猪._主,(跌)人.孕孕ov,,屎降y↘,-5,-22,-23,1369,True
2024/9/13,-3.28,-3.28,0.73,y戊↘忑-22.Z-6,9妩.__Aa龙猪._主,跌.尾连vW.W2,,屎降y↘,-6,-23,-24,1370,True
2024/9/20,3.26,3.26,4.02,y戊↘忑-23.Z-7,8姖.__Aa龙猪._主,(跌)人.连后吞WO,,屎降y↘,-7,-24,-25,1371,True
2024/9/27,15.31,15.31,16.52,r己↗忐-24.I,4蛀.Df头负.储,升.尾连OQ.Q2,高,唏待r↗.4蛀.Df头负.储.口1v,1,1,1,1372,True
2024/9/30,7.27,7.27,8.64,a甲↗上1.B2,4蛀.Aa龙猪.储,升.尾连QQ.Q3,连3,银升a↗.4蛀.Aa龙猪.储,2,2,2,1373,True
2024/10/11,-5.99,-5.99,9.82,a甲↗上2.B3,4蛀.Aa龙猪.初,(升)人.连后吞QV,宽,银升a↗.4蛀.Aa龙猪.初,3,3,3,1374,True
2024/10/18,-1.57,-1.57,1.36,a甲↗上3.A4,2栅.Bc龙管栅.初,跌.尾连VW.W2,,唏待a↗.2栅.Bc龙管栅.初,4,4,4,1375,True
2024/10/25,4.56,4.56,5.2,a甲↗上4.A5,2栅.Bc龙管栅.初,(跌)人.连后吞WO,,银升a↗.2栅.Bc龙管栅.初,5,5,5,1376,True
2024/11/1,-1.32,-1.32,4.16,a甲↗上5.A6,2栅.Fa震正〇.初,(跌)人.连后吞WOv,,银升a↗.2栅.Fa震正〇.初,6,6,6,1377,True
2024/11/8,12.04,12.04,15.33,a甲↗上6.A7,2栅.Bc龙管栅.初,升.尾吞vO,高,银升a↗.2栅.Bc龙管栅.初,7,7,7,1378,True
2024/11/15,-2.94,-2.94,18,a甲↗上7.A8,0橅.Aa龙猪.初,升.尾反孕vOv,宽高,银升a↗.0橅.Aa龙猪.初,8,8,8,1379,True
2024/11/22,-2.55,-2.55,4.64,a甲↗上8.A9,2栅.Bc龙管栅.初,跌.尾连vW.W2,宽,银升a↗.2栅.Bc龙管栅.初,9,9,9,1380,True
2024/11/29,2.43,2.43,4.47,a甲↗上9.A10,2栅.Bc龙管栅.主,跌.尾反孕Wo,宽,银升a↗.2栅.Bc龙管栅.主,10,10,10,1381,True
2024/12/6,6.26,6.26,8.25,a甲↗上10.A11,2栅.Fa震正〇.主,升.尾连oQ.Q2,宽,银升a↗.2栅.Fa震正〇.主,11,11,11,1382,True
2024/12/13,1.34,1.34,8.74,a甲↗上11.A12,2栅.Fa震正〇.主,升.尾连QQ.Q3,连3,银升a↗.2栅.Fa震正〇.主,12,12,12,1383,True
2024/12/20,-5.46,-5.46,1.06,a甲↗上12.A13,1柜.Fa震正〇.主,(升)人.连后吞QV,,银升a↗.1柜.Fa震正〇.主,13,13,13,1384,True
2024/12/27,0.19,0.19,5.12,a甲↗上13.A14,1柜.Fa震正〇.主,(升)人.连后吞QVo,,金升a↗.1柜.Fa震正〇.主,14,14,14,1385,True
2025/1/3,-10.87,-10.87,-0.28,c丙↘下14.Y,5蛀.Fe震正根.破,跌.尾吞oV,,金升c↘.被3v,-1,-1,15,1386,True
2025/1/10,-0.1,-0.1,3.86,c丙↘下15.Z-2,5蛀.__Df头负._破,跌.尾连VW.W2,,尿降c↘.逃4v,-2,-2,-1,1387,True
2025/1/17,3.97,3.97,5.53,z丁↘忑-1.Z-3,5蛀.__Aa龙猪._破,(跌)人.连后吞WO,,嘘待z↘,-3,-3,-2,1388,True
2025/1/24,1.61,1.61,6.63,z丁↘忑-2.Z-4,7姗.Ff震负.破,升.尾连OQ.Q2,,金升z↘.警3w,-4,-4,1,1389,True
2025/1/27,-1.78,-1.78,0.79,z丁↘忑-3.Z-5,7姗.Ff震负.破,升.尾反孕Qv,,金升z↘.警3w,-5,-5,2,1390,True
2025/2/7,8.35,8.35,12.78,a甲↗上1.I,4蛀.Dd头正芽.再C,升.尾吞vO,,金升a↗.4蛀.Dd头正芽.再C,1,1,3,1391,True
2025/2/14,26.74,26.74,42.25,a甲↗上2.B2,4蛀.Aa龙猪.再C,升.尾连OQ.Q2,宽高,金升a↗.4蛀.Aa龙猪.再C,2,2,4,1392,True
2025/2/21,-10.4,-10.4,-1.32,a甲↗上3.B3,4蛀.Aa龙猪.再C,升.尾反孕Qv,宽,金升a↗.4蛀.Aa龙猪.再C,3,3,5,1393,True
2025/2/28,-3.03,-3.03,4.01,a甲↗上4.A4,2栅.Bc龙管栅.再C,跌.尾连vW.W2,宽,金升a↗.2栅.Bc龙管栅.再C,4,4,6,1394,True
2025/3/7,2.28,2.28,4.97,a甲↗上5.A5,2栅.Fa震正〇.主,跌.尾反孕Wo,宽,金升a↗.2栅.Fa震正〇.主,5,5,7,1395,True
2025/3/14,-0.49,-0.49,1.4,a甲↗上6.A6,2栅.Fa震正〇.主,(跌)人.孕孕ov,宽,金升a↗.2栅.Fa震正〇.主,6,6,8,1396,True
2025/3/21,6.21,6.21,16.24,a甲↗上7.A7,2栅.Fa震正〇.主,升.尾吞vO,高,金升a↗.2栅.Fa震正〇.主,7,7,9,1397,True
2025/3/28,5.69,5.69,11.08,a甲↗上8.A8,0橅.Fa震正〇.主,升.尾连OQ.Q2,,金升a↗.0橅.Fa震正〇.主,8,8,10,1398,True
2025/4/3,2.95,2.95,20.74,a甲↗上9.A9,0橅.Aa龙猪.主,升.尾连QQ.Q3,宽高连3,金升a↗.0橅.Aa龙猪.主,9,9,11,1399,True
2025/4/11,-5.66,-5.66,-3.73,a甲↗上10.A10,1柜.Aa龙猪.主,(升)人.连后吞QV,宽,金升a↗.1柜.Aa龙猪.主,10,10,12,1400,True
2025/4/18,1.14,1.14,6.69,a甲↗上11.A11,1柜.Aa龙猪.主,(人)人.吞吞* VO,宽,金升a↗.1柜.Aa龙猪.主,11,11,13,1401,True
2025/4/25,4.28,4.28,8.41,a甲↗上12.A12,1柜.Fa震正〇.主,升.尾连OQ.Q2,宽,金升a↗.1柜.Fa震正〇.主,12,12,14,1402,True
2025/4/30,-4.54,-4.54,-0.72,a甲↗上13.A13,3桮.Fa震正〇.主,(升)人.连后吞QV,宽,金升a↗.3桮.Fa震正〇.主,13,13,15,1403,True
2025/5/9,6.72,6.72,12.98,a甲↗上14.A14,1柜.Fa震正〇.主,(人)人.吞吞* VO,,金升a↗.1柜.Fa震正〇.主,14,14,16,1404,True
2025/5/16,-0.5,-0.5,3.25,a甲↗上15.A15,1柜.Fa震正〇.主,(人)人.吞吞* VO,,金升a↗.1柜.Fa震正〇.主,15,15,17,1405,True
2025/5/23,9.03,9.03,15.99,a甲↗上16.A16,1柜.Fa震正〇.主,升.尾吞vO,高,金升a↗.1柜.Fa震正〇.主,16,16,18,1406,True
2025/5/30,-2.87,-2.87,7.82,a甲↗上17.A17,0橅.Aa龙猪.主,升.尾反孕vOv,,金升a↗.0橅.Aa龙猪.主,17,17,19,1407,True
2025/6/6,-11.01,-11.01,-0.4,b乙→中18.Y,5蛀.Be龙管根.主,跌.尾连vW.W2,,金升b→.5蛀.Be龙管根.主,-1,18,20,1408,True
2025/6/13,-3.54,-3.54,3.17,c丙↘下19.Z-2,5蛀.Fe震正根.破,跌.尾连WW.W3,,金升c↘.被3v,-2,-1,21,1409,True
2025/6/20,-4.14,-4.14,1.17,c丙↘下20.Z-3,5蛀.__Df头负._破,跌.尾连WW.W4,,嘘待c↘.逃4v,-3,-2,-1,1410,True
2025/6/27,5.71,5.71,7.99,z丁↘忑-1.Z-4,8姖.Ff震负.破,(跌)人.连后吞WO,宽,金升z↘.警3w,-4,-3,1,1411,True
2025/7/4,-1.08,-1.08,2.31,z丁↘忑-2.Z-5,8姖.Ff震负.破,(跌)人.连后吞WOv,,金升z↘.警3w,-5,-4,2,1412,True
2025/7/11,1.87,1.87,3.2,z丁↘忑-3.Z-6,6娝.Ff震负.破,升.尾吞vO,,金升z↘.警3w,-6,-5,3,1413,True
2025/7/18,1,1,2.07,y戊↘忠-4.I,4蛀.Ff震负.再C,升.尾连OQ.Q2,,金升y↘.警3h,1,-6,4,1414,True
2025/7/25,0.68,0.68,3.71,r己↗忐-5.B2,4蛀.Df头负.再C,升.尾连QQ.Q3,连3,金升r↗.4蛀.Df头负.再C.口2I,2,1,5,1415,True
2025/8/1,-3.61,-3.61,0.9,y戊↘忑-6.Y暂,5暂.Ff震负.破,(升)人.连后吞QV,,金升y↘.警3w,-1,-1,6,1416,True
2025/8/8,1.95,1.95,3.28,y戊↘忑-7.Z-2暂,5暂.Ff震负.破,(升)人.连后吞QVo,,金升y↘.警3w,-2,-2,7,1417,True
2025/8/15,5.44,5.44,6.67,a甲↗上1.I暂,4暂.Aa龙猪.再C,升.尾连oQ.Q2,,金升a↗.4暂.Aa龙猪.再C,1,1,8,1418,True
2025/8/22,5.74,5.74,8.28,a甲↗上2.B2暂,4暂.Aa龙猪.再C,升.尾连QQ.Q3,连3,金升a↗.4暂.Aa龙猪.再C,2,2,9,1419,True
2025/8/29,-5.29,-5.29,2.89,a甲↗上3.B3暂,4暂.Aa龙猪.再C,升.尾反孕Qv,,金升a↗.4暂.Aa龙猪.再C,3,3,10,1420,True
2025/9/5,-1.81,-1.81,3.77,b乙→中4.Y暂,5暂.Be龙管根.再C,跌.尾连vW.W2,,金升b→.5暂.Be龙管根.再C,-1,4,11,1421,True
2025/9/12,-1.92,-1.92,2.14,c丙↘下5.Z-2暂,5暂.Fe震正根.破,跌.尾连WW.W3,,金升c↘.被3v,-2,-1,12,1422,True
2025/9/19,-1.06,-1.06,5.12,c丙↘下6.Z-3暂,5暂.Fe震正根.破,跌.尾连WW.W4,,金升c↘.被3v,-3,-2,13,1423,True
2025/9/26,-2.51,-2.51,3.96,z丁↘忑-1.Z-4,9妩.__Aa龙猪._破,跌.尾连WW.W5,,嘘待z↘,-4,-3,-1,1424,True
2025/9/30,1.02,1.02,1.95,z丁↘忑-2.Z-5,9妩.__Aa龙猪._破,跌.尾反孕Wo,,嘘待z↘,-5,-4,-2,1425,True
2025/10/10,-0.7,-0.7,0.15,z丁↘忑-3.Z-6,9妩.__Aa龙猪._破,(跌)人.孕孕ov,,嘘待z↘,-6,-5,-3,1426,True
2025/10/17,-4.91,-4.91,-0.55,z丁↘忑-4.Z-7,9妩.__Aa龙猪._初,跌.尾连vW.W2,,嘘待z↘,-7,-6,-4,1427,True
2025/10/24,2.95,2.95,3.6,z丁↘忑-5.Z-8,9妩.__Aa龙猪._初,跌.尾反孕Wo,,嘘待z↘,-8,-7,-5,1428,True
2025/10/31,-0.56,-0.56,1.67,z丁↘忑-6.Z-9,9妩.__Aa龙猪._初,(跌)人.孕孕ov,,嘘待z↘,-9,-8,-6,1429,True
2025/11/7,0.24,0.24,1.2,z丁↘忑-7.Z-10,9妩.__Fa震正〇._初,(人)人.孕孕vo,,嘘待z↘,-10,-9,-7,1430,True
2025/11/14,0.72,0.72,1.76,z丁↘忑-8.Z-11,7姗.__Fa震正〇._初,升.尾连oQ.Q2,,嘘待z↘,-11,-10,-8,1431,True
2025/11/21,-5.15,-5.15,1.43,z丁↘忑-9.Z-12,7姗.__Bd龙管杂._初,(升)人.连后吞QV,,尿降z↘,-12,-11,-9,1432,True
2025/11/28,1.34,1.34,2.76,z丁↘忑-10.Z-13,7姗.__Bd龙管杂._主,(升)人.连后吞QVo,,尿降z↘,-13,-12,-10,1433,True
2025/12/5,0,0,1.24,z丁↘忑-11.Z-14,6娝.__Bc龙管栅._主,升.尾连oQ.Q2,,尿降z↘,-14,-13,-11,1434,True
2025/12/12,-4.78,-4.78,0.66,z丁↘忑-12.Z-15,7姗.__Bd龙管杂._主,(升)人.连后吞QV,,尿降z↘,-15,-14,-12,1435,True
2025/12/19,2.51,2.51,2.86,z丁↘忑-13.Z-16,7姗.__Bd龙管杂._主,(升)人.连后吞QVo,,尿降z↘,-16,-15,-13,1436,True
2025/12/26,-0.51,-0.51,2.03,z丁↘忑-14.Z-17,7姗.__Bd龙管杂._主,(人)人.孕孕vo,,尿降z↘,-17,-16,-14,1437,True
2025/12/31,0.42,0.42,1.19,z丁↘忑-15.Z-18,9妩.__Aa龙猪._主,(人)人.孕孕vo,,尿降z↘,-18,-17,-15,1438,True
2026/1/9,0.34,0.34,1.44,z丁↘忑-16.Z-19,7姗.__Fa震正〇._主,升.尾连oQ.Q2,,尿降z↘,-19,-18,-16,1439,True
2026/1/16,1.52,1.52,9.35,y戊↘忠-17.I,4蛀.__Fe震正根._主,升.尾连QQ.Q3,,尿降y↘,1,-19,-17,1440,True
2026/1/23,2.41,2.41,2.66,r己↗忐-18.B2,4蛀.__Fe震正根.储,升.尾连QQ.Q4,,嘘待r↗.4蛀.__Fe震正根.储.魅6v,2,1,-18,1441,True
2026/1/30,-3.81,-3.81,0.08,y戊↘忑-19.Y暂,5暂.__Fa震正〇._再B,(升)人.连后吞QV,,尿降y↘,-1,-1,-19,1442,True
2026/2/6,-0.34,-0.34,0.42,y戊↘忑-20.Z-2暂,5暂.__Fa震正〇._再B,跌.尾连VW.W2,,尿降y↘,-2,-2,-20,1443,True
2026/2/13,0.42,0.42,1.1,y戊↘忑-21.Z-3暂,5暂.__Fa震正〇._再B,(跌)人.连后吞WO,,尿降y↘,-3,-3,-21,1444,True
2026/2/27,0,0,1.94,y戊↘忑-22.Z-4,7姗.__Fa震正〇._再B,升.尾连OQ.Q2,,尿降y↘,-4,-4,-22,1445,True
2026/3/6,-3.28,-3.28,-0.67,y戊↘忑-23.Z-5,7姗.__Bd龙管杂._主,(升)人.连后吞QV,,尿降y↘,-5,-5,-23,1446,True
2026/3/13,2.79,2.79,6.79,y戊↘忑-24.Z-6,6娝.__Bc龙管栅._主,(人)人.吞吞* VO,,尿降y↘,-6,-6,-24,1447,True
2026/3/20,-4.15,-4.15,2.12,y戊↘忑-25.Z-7,7姗.__Bd龙管杂._主,(人)人.吞吞* OV,,尿降y↘,-7,-7,-25,1448,True
2026/3/27,-1.24,-1.24,0.53,y戊↘忑-26.Z-8,8姖.__Aa龙猪._主,跌.尾连VW.W2,,屎降y↘,-8,-8,-26,1449,True
2026/4/3,-2.59,-2.59,2.33,y戊↘忑-27.Z-9,8姖.__Aa龙猪._主,跌.尾连WW.W3,,屎降y↘,-9,-9,-27,1450,True
2026/4/10,2.85,2.85,3.58,y戊↘忑-28.Z-10,8姖.__Aa龙猪._主,(跌)人.连后吞WO,,屎降y↘,-10,-10,-28,1451,True
2026/4/17,-1.34,-1.34,0.63,y戊↘忑-29.Z-11,8姖.__Fa震正〇._主,(跌)人.连后吞WOv,,屎降y↘,-11,-11,-29,1452,True
2026/4/24,-3.17,-3.17,0.36,y戊↘忑-30.Z-12,8姖.__Aa龙猪._主,跌.尾连vW.W2,,屎降y↘,-12,-12,-30,1453,True
2026/4/30,5.51,5.51,6.82,y戊↘忠-31.I,4蛀.__Be龙管根._主,(跌)人.连后吞WO,,屎降y↘,1,-13,-31,1454,True
2026/5/8,12.4,12.4,14.35,r己↗忐-32.B2,4蛀.Df头负.储,升.尾连OQ.Q2,,银升r↗.4蛀.Df头负.储.口1v,2,1,1,1455,True
2026/5/15,1.97,1.97,1.97,a甲↗上1.B3,4蛀.Aa龙猪.初,升.尾连QQ.Q3,连3,银升a↗.4蛀.Aa龙猪.初,3,2,2,1456,True
2026/5/22,-6.41,-6.41,0.31,a甲↗上2.A4,1柜.Aa龙猪.初,(升)人.连后吞QV,,银升a↗.1柜.Aa龙猪.初,4,3,3,1457,True
2026/5/29,-11.89,-11.89,0.17,c丙↘下3.Y,5蛀.__Df头负._再D,跌.尾连VW.W2,,屎降c↘.逃5I,-1,-1,-1,1458,True
2026/6/5,-0.75,-0.75,3.66,z丁↘忑-1.Z-2,5蛀.__Aa龙猪._再D,跌.尾连WW.W3,,屎降z↘,-2,-2,-2,1459,True
2026/6/12,-4.63,-4.63,2.74,z丁↘忑-2.Z-3,5蛀.__Aa龙猪._再D,跌.尾连WW.W4,,屎降z↘,-3,-3,-3,1460,True
2026/6/18,-0.99,-0.99,3.76,z丁↘忑-3.Z-4,9妩.__Aa龙猪._再D,跌.尾连WW.W5,,屎降z↘,-4,-4,-4,1461,True
2026/6/26,-8.9,-8.9,1.4,z丁↘忑-4.Z-5,9妩.__Aa龙猪._再D,跌.尾连WW.W6,,屎降z↘,-5,-5,-5,1462,True
2026/7/3,7.03,7.03,8.12,z丁↘忑-5.Z-6,9妩.__Aa龙猪._主,跌.尾反孕Wo,,屎降z↘,-6,-6,-6,1463,True
2026/7/10,-4.92,-4.92,0.62,z丁↘忑-6.Z-7,9妩.__Aa龙猪._主,(跌)人.孕孕ov,,屎降z↘,-7,-7,-7,1464,True
2026/7/16,3.45,3.45,4.64,z丁↘忑-7.Z-8,9妩.__Aa龙猪._主,(人)人.孕孕vo,,屎降z↘,-8,-8,-8,1465,True
